
População Inicial:[0, 2, 2, 4, 3, 5]
[0, 3, 0, 1, 4, 5]
[0, 3, 0, 5, 3, 5]
[0, 2, 3, 5, 0, 5]
[0, 0, 5, 4, 1, 5]
[0, 0, 3, 0, 5, 5]
[0, 5, 0, 1, 0, 5]
[0, 3, 3, 5, 1, 5]
[0, 2, 4, 3, 4, 5]
[0, 0, 5, 1, 4, 5]
[0, 4, 5, 3, 0, 5]
[0, 0, 1, 3, 0, 5]
[0, 4, 5, 3, 5, 5]
[0, 2, 1, 5, 4, 5]
[0, 1, 4, 1, 5, 5]
[0, 0, 1, 5, 1, 5]
[0, 2, 2, 0, 2, 5]
[0, 5, 4, 3, 5, 5]
[0, 2, 5, 0, 4, 5]
[0, 1, 2, 3, 1, 5]
[0, 5, 4, 5, 2, 5]
[0, 1, 2, 4, 4, 5]
[0, 0, 0, 1, 3, 5]
[0, 0, 5, 0, 3, 5]
[0, 5, 5, 4, 1, 5]
[0, 5, 4, 2, 0, 5]
[0, 0, 3, 2, 5, 5]
[0, 3, 2, 5, 5, 5]
[0, 2, 4, 0, 3, 5]
[0, 2, 1, 5, 4, 5]
[0, 5, 2, 3, 0, 5]
[0, 1, 3, 1, 3, 5]
[0, 2, 5, 5, 1, 5]
[0, 1, 5, 2, 2, 5]
[0, 1, 4, 5, 0, 5]
[0, 4, 1, 4, 0, 5]
[0, 3, 2, 0, 4, 5]
[0, 3, 3, 1, 3, 5]
[0, 0, 1, 4, 2, 5]
[0, 1, 2, 4, 2, 5]
[0, 1, 2, 1, 1, 5]
[0, 1, 0, 5, 4, 5]
[0, 3, 3, 2, 4, 5]
[0, 3, 2, 0, 3, 5]
[0, 1, 5, 4, 3, 5]
[0, 2, 3, 5, 3, 5]
[0, 2, 0, 2, 2, 5]
[0, 2, 2, 2, 0, 5]
[0, 4, 3, 3, 0, 5]
[0, 0, 2, 5, 0, 5]
[0, 0, 3, 1, 0, 5]
[0, 5, 3, 3, 5, 5]
[0, 1, 5, 3, 1, 5]
[0, 3, 5, 4, 3, 5]
[0, 4, 3, 0, 5, 5]
[0, 3, 4, 0, 4, 5]
[0, 3, 4, 3, 1, 5]
[0, 0, 4, 0, 3, 5]
[0, 5, 3, 4, 2, 5]
[0, 2, 2, 5, 3, 5]
[0, 5, 2, 0, 2, 5]
[0, 2, 5, 4, 1, 5]
[0, 5, 0, 0, 0, 5]
[0, 0, 2, 1, 4, 5]
[0, 1, 2, 1, 3, 5]
[0, 5, 3, 5, 5, 5]
[0, 4, 5, 0, 4, 5]
[0, 1, 2, 1, 1, 5]
[0, 2, 2, 5, 1, 5]
[0, 4, 0, 0, 4, 5]
[0, 2, 5, 2, 2, 5]
[0, 5, 0, 2, 2, 5]
[0, 3, 4, 3, 0, 5]
[0, 1, 0, 5, 4, 5]
[0, 0, 1, 5, 0, 5]
[0, 4, 2, 3, 2, 5]
[0, 3, 1, 0, 3, 5]
[0, 3, 0, 2, 4, 5]
[0, 2, 2, 4, 2, 5]
[0, 5, 0, 0, 2, 5]
[0, 0, 2, 4, 2, 5]
[0, 4, 2, 2, 4, 5]
[0, 3, 1, 0, 1, 5]
[0, 1, 5, 1, 0, 5]
[0, 0, 5, 5, 3, 5]
[0, 4, 2, 1, 3, 5]
[0, 4, 2, 1, 3, 5]
[0, 0, 0, 2, 2, 5]
[0, 0, 5, 4, 4, 5]
[0, 0, 5, 1, 4, 5]
[0, 3, 2, 4, 5, 5]
[0, 4, 1, 3, 2, 5]
[0, 5, 0, 2, 4, 5]
[0, 3, 0, 2, 0, 5]
[0, 3, 4, 3, 0, 5]
[0, 0, 4, 2, 3, 5]
[0, 3, 0, 0, 4, 5]
[0, 5, 0, 2, 0, 5]
[0, 4, 5, 0, 4, 5]
[0, 5, 3, 2, 3, 5]

Geração:0
[0, 5, 3, 2, 0, 5]23
[0, 5, 0, 2, 3, 5]23
[0, 2, 3, 2, 3, 5]7
[0, 5, 3, 5, 0, 5]33
[0, 5, 3, 5, 3, 5]21
[0, 2, 3, 2, 3, 5]7
[0, 5, 0, 5, 3, 5]33
[0, 2, 3, 2, 0, 5]13
[0, 2, 3, 2, 3, 5]7
[0, 5, 3, 5, 3, 5]21
[0, 5, 3, 1, 0, 5]inf
[0, 5, 0, 2, 3, 5]23
[0, 5, 0, 1, 0, 5]29
[0, 5, 0, 2, 0, 5]29
[0, 2, 3, 2, 0, 5]13
[0, 5, 0, 5, 0, 5]45
[0, 5, 3, 1, 0, 5]inf
[0, 5, 0, 1, 3, 5]inf
[0, 2, 3, 5, 3, 5]11
[0, 2, 3, 5, 0, 5]23
[0, 5, 3, 1, 0, 5]inf
[0, 5, 0, 2, 3, 5]23
[0, 5, 3, 2, 0, 5]23
[0, 5, 0, 2, 3, 5]23
[0, 5, 3, 5, 0, 5]33
[0, 2, 3, 2, 3, 5]7
[0, 2, 3, 2, 3, 5]7
[0, 5, 3, 5, 3, 5]21
[0, 5, 0, 2, 3, 5]23
[0, 5, 3, 1, 0, 5]inf
[0, 5, 3, 5, 0, 5]33
[0, 2, 3, 2, 3, 5]7
[0, 5, 3, 2, 3, 5]17
[0, 5, 3, 2, 3, 5]17
[0, 2, 3, 2, 3, 5]7
[0, 5, 3, 5, 0, 5]33
[0, 2, 3, 2, 3, 5]7
[0, 5, 3, 5, 0, 5]33
[0, 2, 3, 5, 0, 5]23
[0, 2, 3, 5, 0, 5]23
[0, 5, 3, 5, 3, 5]21
[0, 2, 3, 2, 3, 5]7
[0, 2, 3, 4, 3, 5]13
[0, 5, 3, 5, 3, 5]21
[0, 2, 3, 2, 0, 5]13
[0, 5, 0, 5, 3, 5]33
[0, 2, 3, 2, 3, 5]7
[0, 5, 3, 5, 3, 5]21
[0, 5, 2, 5, 3, 5]inf
[0, 2, 3, 2, 0, 5]13
[0, 5, 3, 5, 0, 5]33
[0, 2, 3, 2, 3, 5]7
[0, 2, 3, 2, 3, 5]7
[0, 5, 3, 5, 0, 5]33
[0, 2, 3, 5, 0, 5]23
[0, 2, 3, 5, 0, 5]23
[0, 5, 3, 2, 3, 5]17
[0, 5, 3, 2, 3, 5]17
[0, 5, 3, 5, 0, 5]33
[0, 2, 3, 2, 3, 5]7
[0, 5, 3, 2, 3, 5]17
[0, 5, 3, 2, 3, 5]17
[0, 2, 3, 5, 0, 5]23
[0, 2, 3, 5, 3, 5]11
[0, 5, 0, 2, 3, 5]23
[0, 5, 3, 1, 0, 5]inf
[0, 5, 3, 2, 3, 5]17
[0, 5, 3, 2, 3, 5]17
[0, 2, 3, 5, 3, 5]11
[0, 2, 3, 5, 0, 5]23
[0, 5, 0, 2, 3, 5]23
[0, 5, 3, 2, 0, 5]23
[0, 5, 3, 5, 0, 5]33
[0, 2, 3, 2, 3, 5]7
[0, 2, 3, 1, 0, 5]inf
[0, 5, 1, 5, 3, 5]inf
[0, 5, 3, 5, 0, 5]33
[0, 2, 3, 2, 3, 5]7
[0, 2, 3, 5, 3, 5]11
[0, 2, 3, 5, 3, 5]11
[0, 5, 0, 2, 0, 5]29
[0, 5, 0, 1, 0, 5]29
[0, 5, 3, 5, 0, 5]33
[0, 2, 3, 2, 3, 5]7
[0, 5, 0, 2, 3, 5]23
[0, 5, 3, 1, 0, 5]inf
[0, 5, 3, 2, 3, 5]17
[0, 5, 3, 2, 3, 5]17
[0, 5, 0, 5, 3, 5]33
[0, 2, 3, 1, 0, 5]inf
[0, 2, 3, 2, 3, 5]7
[0, 5, 3, 5, 3, 5]21
[0, 2, 3, 5, 3, 5]11
[0, 2, 0, 5, 0, 5]29
[0, 5, 3, 2, 0, 5]23
[0, 5, 0, 2, 3, 5]23
[0, 2, 3, 2, 3, 5]7
[0, 5, 3, 5, 0, 5]33
[0, 5, 3, 2, 3, 5]17
[0, 5, 3, 2, 3, 5]17

Geração:1
[0, 2, 3, 5, 0, 5]23
[0, 2, 3, 5, 3, 5]11
[0, 5, 0, 1, 0, 5]29
[0, 5, 0, 2, 3, 5]23
[0, 5, 3, 5, 0, 5]33
[0, 5, 3, 2, 3, 5]17
[0, 2, 3, 5, 3, 5]11
[0, 5, 3, 2, 3, 5]17
[0, 5, 3, 5, 3, 5]21
[0, 0, 3, 2, 0, 5]inf
[0, 5, 0, 2, 3, 5]23
[0, 2, 3, 1, 0, 5]inf
[0, 5, 3, 5, 3, 5]21
[0, 5, 0, 5, 0, 5]45
[0, 2, 3, 2, 3, 5]7
[0, 5, 0, 2, 3, 5]23
[0, 2, 3, 2, 0, 5]13
[0, 5, 3, 5, 3, 5]21
[0, 2, 3, 2, 3, 5]7
[0, 2, 3, 2, 3, 5]7
[0, 5, 3, 2, 3, 5]17
[0, 2, 3, 2, 3, 5]7
[0, 2, 3, 2, 3, 5]7
[0, 2, 3, 2, 3, 5]7
[0, 2, 3, 5, 3, 5]11
[0, 2, 0, 2, 3, 5]7
[0, 5, 3, 5, 3, 5]21
[0, 2, 3, 2, 3, 5]7
[0, 2, 3, 2, 3, 5]7
[0, 5, 3, 2, 3, 5]17
[0, 5, 3, 2, 3, 5]17
[0, 2, 3, 5, 0, 5]23
[0, 5, 3, 5, 0, 5]33
[0, 2, 3, 2, 3, 5]7
[0, 2, 3, 2, 0, 5]13
[0, 5, 3, 5, 3, 5]21
[0, 5, 0, 2, 3, 5]23
[0, 2, 3, 2, 3, 5]7
[0, 2, 3, 2, 3, 5]7
[0, 5, 0, 2, 3, 5]23
[0, 2, 3, 2, 3, 5]7
[0, 2, 3, 2, 3, 5]7
[0, 2, 3, 2, 3, 5]7
[0, 2, 3, 2, 3, 5]7
[0, 5, 1, 1, 0, 5]inf
[0, 5, 0, 2, 3, 5]23
[0, 2, 3, 2, 3, 5]7
[0, 5, 3, 2, 3, 5]17
[0, 2, 3, 2, 3, 5]7
[0, 2, 3, 2, 3, 5]7
[0, 5, 3, 5, 0, 5]33
[0, 2, 3, 5, 3, 5]11
[0, 5, 3, 2, 3, 5]17
[0, 2, 3, 5, 0, 5]23
[0, 5, 3, 2, 3, 5]17
[0, 5, 3, 0, 3, 5]inf
[0, 2, 0, 1, 0, 5]13
[0, 5, 0, 5, 0, 5]45
[0, 2, 3, 2, 3, 5]7
[0, 5, 0, 5, 0, 5]45
[0, 5, 0, 5, 0, 5]45
[0, 2, 0, 1, 0, 5]13
[0, 5, 3, 2, 3, 5]17
[0, 2, 3, 2, 3, 5]7
[0, 5, 0, 5, 3, 5]33
[0, 2, 3, 2, 3, 5]7
[0, 2, 5, 5, 3, 5]inf
[0, 5, 3, 5, 3, 5]21
[0, 2, 3, 1, 0, 5]inf
[0, 5, 0, 2, 3, 5]23
[0, 2, 3, 2, 3, 5]7
[0, 2, 3, 5, 3, 5]11
[0, 2, 3, 2, 3, 5]7
[0, 5, 3, 2, 0, 5]23
[0, 2, 1, 2, 3, 5]9
[0, 2, 3, 2, 3, 5]7
[0, 5, 0, 2, 3, 5]23
[0, 2, 3, 5, 3, 5]11
[0, 5, 3, 5, 0, 5]33
[0, 2, 3, 2, 0, 5]13
[0, 5, 3, 2, 3, 5]17
[0, 2, 3, 5, 3, 5]11
[0, 2, 3, 2, 3, 5]7
[0, 5, 3, 2, 0, 5]23
[0, 5, 3, 2, 3, 5]17
[0, 2, 3, 5, 0, 5]23
[0, 5, 3, 5, 3, 5]21
[0, 5, 3, 5, 3, 5]21
[0, 2, 3, 2, 3, 5]7
[0, 2, 3, 2, 3, 5]7
[0, 5, 3, 5, 3, 5]21
[0, 5, 0, 2, 3, 5]23
[0, 2, 3, 5, 3, 5]11
[0, 5, 3, 2, 3, 5]17
[0, 2, 3, 2, 3, 5]7
[0, 5, 0, 2, 0, 5]29
[0, 5, 4, 5, 3, 5]inf
[0, 5, 3, 2, 3, 5]17
[0, 5, 3, 2, 3, 5]17
[0, 2, 3, 2, 0, 5]13

Geração:2
[0, 5, 3, 5, 0, 5]33
[0, 2, 3, 5, 3, 5]11
[0, 2, 3, 5, 3, 5]11
[0, 5, 3, 2, 3, 5]17
[0, 5, 3, 2, 3, 5]17
[0, 5, 0, 5, 3, 5]33
[0, 5, 3, 2, 3, 5]17
[0, 2, 3, 5, 3, 5]11
[0, 5, 0, 2, 3, 5]23
[0, 2, 3, 2, 3, 5]7
[0, 2, 0, 2, 3, 5]7
[0, 2, 3, 1, 0, 5]inf
[0, 2, 3, 2, 3, 5]7
[0, 2, 3, 5, 3, 5]11
[0, 5, 3, 2, 3, 5]17
[0, 2, 3, 2, 3, 5]7
[0, 2, 3, 5, 3, 5]11
[0, 2, 3, 2, 3, 5]7
[0, 5, 0, 2, 0, 5]29
[0, 2, 3, 2, 3, 5]7
[0, 5, 3, 2, 3, 5]17
[0, 5, 3, 5, 3, 5]21
[0, 2, 3, 2, 3, 5]7
[0, 5, 3, 2, 3, 5]17
[0, 5, 0, 2, 3, 5]23
[0, 2, 3, 2, 3, 5]7
[0, 2, 3, 2, 3, 5]7
[0, 2, 3, 2, 3, 5]7
[0, 5, 3, 2, 3, 5]17
[0, 2, 3, 5, 3, 5]11
[0, 0, 3, 2, 0, 5]inf
[0, 2, 3, 2, 3, 5]7
[0, 2, 3, 5, 3, 5]11
[0, 5, 3, 2, 3, 5]17
[0, 2, 3, 5, 3, 5]11
[0, 2, 3, 2, 3, 5]7
[0, 2, 3, 5, 0, 5]23
[0, 2, 3, 2, 3, 5]7
[0, 5, 3, 2, 3, 5]17
[0, 2, 3, 5, 2, 5]inf
[0, 2, 3, 2, 3, 5]7
[0, 2, 3, 2, 3, 5]7
[0, 2, 0, 2, 3, 5]7
[0, 5, 3, 1, 0, 5]inf
[0, 2, 3, 2, 3, 5]7
[0, 2, 3, 2, 3, 5]7
[0, 2, 3, 2, 3, 5]7
[0, 5, 3, 5, 0, 5]33
[0, 2, 3, 2, 3, 5]7
[0, 2, 3, 5, 3, 5]11
[0, 2, 3, 2, 3, 5]7
[0, 2, 3, 5, 0, 5]23
[0, 5, 3, 2, 3, 5]17
[0, 5, 3, 5, 3, 5]21
[0, 2, 3, 2, 3, 5]7
[0, 2, 3, 2, 3, 5]7
[0, 2, 3, 2, 3, 5]7
[0, 2, 3, 2, 3, 5]7
[0, 5, 3, 5, 0, 5]33
[0, 2, 3, 2, 3, 5]7
[0, 2, 3, 2, 3, 5]7
[0, 2, 3, 2, 0, 5]13
[0, 2, 3, 5, 3, 5]11
[0, 2, 3, 2, 3, 5]7
[0, 2, 3, 2, 3, 5]7
[0, 2, 3, 2, 3, 5]7
[0, 2, 3, 5, 3, 5]11
[0, 5, 3, 2, 3, 5]17
[0, 5, 3, 2, 3, 5]17
[0, 5, 3, 5, 0, 5]33
[0, 2, 3, 2, 3, 5]7
[0, 2, 3, 2, 3, 5]7
[0, 2, 3, 5, 3, 5]11
[0, 2, 3, 2, 3, 5]7
[0, 2, 3, 2, 3, 5]7
[0, 2, 3, 2, 3, 5]7
[0, 2, 3, 2, 3, 5]7
[0, 5, 3, 2, 3, 5]17
[0, 5, 3, 2, 3, 5]17
[0, 2, 3, 2, 3, 5]7
[0, 2, 3, 2, 3, 5]7
[0, 2, 3, 5, 3, 5]11
[0, 5, 0, 1, 0, 5]29
[0, 2, 0, 2, 3, 5]7
[0, 2, 3, 2, 3, 5]7
[0, 2, 3, 2, 3, 5]7
[0, 2, 3, 5, 3, 5]11
[0, 2, 3, 2, 3, 5]7
[0, 2, 3, 2, 3, 5]7
[0, 5, 0, 2, 3, 5]23
[0, 2, 3, 2, 3, 5]7
[0, 2, 3, 5, 3, 5]11
[0, 5, 3, 2, 3, 5]17
[0, 2, 3, 5, 3, 5]11
[0, 5, 3, 2, 3, 5]17
[0, 2, 3, 5, 3, 5]11
[0, 2, 3, 2, 3, 5]7
[0, 5, 3, 5, 3, 5]21
[0, 2, 0, 5, 3, 5]17
[0, 2, 3, 2, 3, 5]7

Geração:3
[0, 2, 3, 2, 3, 5]7
[0, 2, 3, 2, 3, 5]7
[0, 5, 3, 2, 3, 5]17
[0, 2, 3, 2, 3, 5]7
[0, 2, 3, 2, 3, 5]7
[0, 5, 3, 5, 0, 5]33
[0, 5, 3, 5, 3, 5]21
[0, 5, 3, 2, 3, 5]17
[0, 2, 0, 2, 3, 5]7
[0, 5, 3, 2, 3, 5]17
[0, 5, 0, 2, 3, 5]23
[0, 2, 3, 1, 0, 5]inf
[0, 2, 3, 2, 3, 5]7
[0, 2, 3, 2, 3, 5]7
[0, 2, 3, 2, 3, 5]7
[0, 2, 3, 2, 3, 5]7
[0, 2, 3, 2, 3, 5]7
[0, 2, 0, 2, 3, 5]7
[0, 2, 3, 1, 3, 5]inf
[0, 5, 3, 5, 3, 5]21
[0, 2, 3, 5, 3, 5]11
[0, 2, 3, 2, 3, 5]7
[0, 2, 3, 2, 3, 5]7
[0, 2, 3, 5, 3, 5]11
[0, 2, 3, 3, 3, 5]inf
[0, 2, 3, 5, 3, 5]11
[0, 2, 3, 2, 3, 5]7
[0, 2, 3, 2, 3, 5]7
[0, 2, 0, 2, 3, 5]7
[0, 5, 3, 2, 3, 5]17
[0, 5, 3, 2, 3, 5]17
[0, 2, 3, 2, 3, 5]7
[0, 2, 3, 5, 0, 5]23
[0, 2, 3, 2, 3, 5]7
[0, 2, 3, 5, 3, 5]11
[0, 2, 3, 2, 3, 5]7
[0, 2, 3, 2, 3, 5]7
[0, 2, 3, 5, 3, 5]11
[0, 2, 3, 0, 3, 5]inf
[0, 5, 3, 2, 3, 5]17
[0, 2, 3, 2, 3, 5]7
[0, 2, 3, 2, 3, 5]7
[0, 2, 3, 2, 3, 5]7
[0, 2, 3, 2, 3, 5]7
[0, 2, 3, 2, 3, 5]7
[0, 2, 0, 5, 3, 5]17
[0, 2, 3, 2, 3, 5]7
[0, 2, 3, 2, 3, 5]7
[0, 2, 3, 2, 3, 5]7
[0, 2, 0, 5, 3, 5]17
[0, 2, 3, 2, 3, 5]7
[0, 5, 0, 5, 5, 5]inf
[0, 2, 3, 5, 0, 5]23
[0, 2, 3, 2, 3, 5]7
[0, 2, 3, 2, 3, 5]7
[0, 5, 3, 2, 3, 5]17
[0, 5, 3, 2, 3, 5]17
[0, 5, 3, 2, 3, 5]17
[0, 2, 3, 5, 3, 5]11
[0, 2, 3, 5, 3, 5]11
[0, 2, 3, 2, 3, 5]7
[0, 2, 0, 2, 3, 5]7
[0, 2, 3, 2, 3, 5]7
[0, 2, 3, 2, 3, 5]7
[0, 2, 3, 5, 3, 5]11
[0, 2, 3, 5, 3, 5]11
[0, 5, 3, 2, 3, 5]17
[0, 2, 3, 2, 3, 5]7
[0, 2, 3, 2, 3, 5]7
[0, 2, 3, 2, 3, 5]7
[0, 5, 3, 2, 3, 5]17
[0, 2, 3, 2, 3, 5]7
[0, 2, 3, 2, 3, 5]7
[0, 2, 3, 5, 3, 5]11
[0, 2, 3, 5, 3, 5]11
[0, 2, 3, 2, 3, 5]7
[0, 2, 3, 5, 3, 5]11
[0, 2, 3, 2, 3, 5]7
[0, 5, 3, 2, 3, 5]17
[0, 2, 3, 2, 3, 5]7
[0, 5, 3, 2, 3, 5]17
[0, 5, 3, 5, 0, 5]33
[0, 2, 3, 2, 3, 5]7
[0, 2, 3, 2, 3, 5]7
[0, 2, 3, 2, 3, 5]7
[0, 2, 0, 2, 3, 5]7
[0, 2, 3, 2, 3, 5]7
[0, 2, 3, 5, 3, 5]11
[0, 2, 3, 2, 3, 5]7
[0, 2, 3, 2, 3, 5]7
[0, 2, 0, 5, 3, 5]17
[0, 2, 3, 2, 3, 5]7
[0, 5, 3, 2, 3, 5]17
[0, 2, 3, 2, 3, 5]7
[0, 2, 3, 2, 3, 5]7
[0, 2, 3, 2, 3, 5]7
[0, 5, 0, 2, 3, 5]23
[0, 5, 3, 2, 3, 5]17
[0, 2, 3, 1, 0, 5]inf
[0, 5, 0, 5, 3, 5]33

Geração:4
[0, 2, 3, 2, 3, 5]7
[0, 2, 3, 5, 0, 5]23
[0, 2, 3, 2, 3, 5]7
[0, 2, 3, 5, 3, 5]11
[0, 5, 3, 2, 3, 5]17
[0, 2, 3, 2, 3, 5]7
[0, 5, 3, 2, 3, 5]17
[0, 2, 0, 2, 3, 5]7
[0, 2, 3, 2, 3, 5]7
[0, 2, 3, 5, 3, 5]11
[0, 2, 3, 5, 0, 5]23
[0, 2, 3, 5, 0, 5]23
[0, 2, 3, 2, 3, 5]7
[0, 2, 3, 2, 3, 5]7
[0, 5, 3, 2, 3, 5]17
[0, 2, 3, 2, 3, 5]7
[0, 1, 3, 2, 3, 5]inf
[0, 2, 3, 2, 3, 5]7
[0, 2, 3, 2, 3, 5]7
[0, 2, 3, 5, 3, 5]11
[0, 2, 3, 2, 3, 5]7
[0, 2, 3, 2, 3, 5]7
[0, 2, 3, 2, 3, 5]7
[0, 2, 3, 2, 3, 5]7
[0, 2, 3, 5, 3, 5]11
[0, 2, 3, 5, 3, 5]11
[0, 2, 3, 2, 3, 5]7
[0, 2, 3, 2, 3, 5]7
[0, 2, 3, 5, 3, 5]11
[0, 2, 3, 2, 3, 5]7
[0, 2, 3, 2, 3, 5]7
[0, 5, 3, 2, 3, 5]17
[0, 2, 3, 2, 3, 5]7
[0, 2, 3, 2, 3, 5]7
[0, 2, 3, 5, 3, 5]11
[0, 2, 3, 2, 3, 5]7
[0, 2, 3, 5, 3, 5]11
[0, 2, 3, 2, 3, 5]7
[0, 2, 3, 2, 0, 5]13
[0, 2, 3, 2, 3, 5]7
[0, 2, 3, 2, 3, 5]7
[0, 2, 3, 2, 3, 5]7
[0, 2, 3, 5, 3, 5]11
[0, 2, 3, 2, 3, 5]7
[0, 2, 0, 2, 3, 5]7
[0, 2, 3, 2, 3, 5]7
[0, 5, 3, 2, 3, 5]17
[0, 2, 0, 2, 3, 5]7
[0, 2, 3, 2, 3, 5]7
[0, 2, 3, 2, 3, 5]7
[0, 5, 3, 2, 3, 5]17
[0, 2, 3, 5, 3, 5]11
[0, 2, 3, 2, 3, 5]7
[0, 2, 3, 2, 3, 5]7
[0, 5, 3, 2, 3, 5]17
[0, 3, 3, 2, 3, 5]inf
[0, 2, 3, 2, 3, 5]7
[0, 2, 0, 2, 2, 5]inf
[0, 5, 3, 5, 3, 5]21
[0, 2, 0, 2, 3, 5]7
[0, 2, 0, 2, 3, 5]7
[0, 2, 3, 2, 3, 5]7
[0, 2, 3, 5, 3, 5]11
[0, 2, 3, 2, 3, 5]7
[0, 2, 3, 2, 3, 5]7
[0, 5, 3, 5, 3, 5]21
[0, 5, 3, 2, 3, 5]17
[0, 2, 0, 2, 3, 5]7
[0, 2, 3, 2, 3, 5]7
[0, 2, 3, 2, 3, 5]7
[0, 2, 3, 2, 3, 5]7
[0, 5, 3, 5, 3, 5]21
[0, 5, 3, 2, 3, 5]17
[0, 2, 3, 2, 3, 5]7
[0, 2, 3, 2, 3, 5]7
[0, 2, 3, 2, 3, 5]7
[0, 1, 3, 2, 3, 5]inf
[0, 5, 3, 2, 3, 5]17
[0, 2, 3, 2, 3, 5]7
[0, 5, 3, 2, 3, 5]17
[0, 2, 3, 5, 3, 5]11
[0, 2, 0, 2, 3, 5]7
[0, 2, 3, 2, 3, 5]7
[0, 2, 0, 5, 3, 5]17
[0, 2, 3, 5, 3, 5]11
[0, 2, 3, 2, 0, 5]13
[0, 2, 3, 5, 3, 5]11
[0, 2, 3, 2, 3, 5]7
[0, 2, 3, 5, 0, 5]23
[0, 2, 3, 2, 3, 5]7
[0, 2, 3, 5, 3, 5]11
[0, 2, 3, 2, 3, 5]7
[0, 2, 3, 2, 3, 5]7
[0, 2, 3, 2, 3, 5]7
[0, 2, 3, 2, 3, 5]7
[0, 2, 3, 2, 3, 5]7
[0, 2, 4, 2, 3, 5]13
[0, 2, 3, 5, 3, 5]11
[0, 3, 3, 2, 3, 5]inf
[0, 2, 3, 2, 3, 5]7

Geração:5
[0, 2, 3, 2, 3, 5]7
[0, 2, 3, 2, 3, 5]7
[0, 2, 3, 2, 3, 5]7
[0, 2, 3, 5, 3, 5]11
[0, 5, 3, 2, 3, 5]17
[0, 2, 4, 2, 3, 5]13
[0, 2, 3, 2, 3, 5]7
[0, 2, 3, 5, 3, 5]11
[0, 2, 3, 2, 3, 5]7
[0, 2, 3, 2, 3, 5]7
[0, 2, 0, 5, 3, 5]17
[0, 2, 3, 2, 3, 5]7
[0, 2, 0, 2, 3, 5]7
[0, 2, 3, 2, 3, 5]7
[0, 2, 3, 2, 3, 5]7
[0, 2, 3, 2, 3, 5]7
[0, 2, 3, 2, 3, 5]7
[0, 2, 3, 2, 3, 5]7
[0, 2, 3, 2, 3, 5]7
[0, 2, 3, 2, 3, 5]7
[0, 2, 0, 5, 3, 5]17
[0, 2, 3, 2, 3, 5]7
[0, 2, 3, 2, 3, 5]7
[0, 2, 3, 2, 3, 5]7
[0, 2, 0, 2, 3, 5]7
[0, 2, 3, 2, 3, 5]7
[0, 2, 3, 2, 3, 5]7
[0, 5, 3, 5, 3, 5]21
[0, 2, 3, 2, 3, 5]7
[0, 2, 0, 2, 3, 5]7
[0, 2, 3, 2, 3, 5]7
[0, 2, 3, 5, 3, 5]11
[0, 2, 3, 2, 3, 5]7
[0, 2, 3, 2, 3, 5]7
[0, 2, 3, 2, 3, 5]7
[0, 2, 3, 2, 3, 5]7
[0, 5, 3, 2, 3, 5]17
[0, 2, 3, 2, 3, 5]7
[0, 2, 3, 2, 3, 5]7
[0, 2, 3, 2, 3, 5]7
[0, 2, 3, 2, 3, 5]7
[0, 2, 3, 2, 3, 5]7
[0, 2, 3, 2, 3, 5]7
[0, 2, 3, 2, 3, 5]7
[0, 2, 3, 5, 3, 5]11
[0, 2, 3, 2, 3, 5]7
[0, 5, 3, 2, 3, 5]17
[0, 2, 3, 2, 3, 5]7
[0, 2, 3, 2, 3, 5]7
[0, 2, 3, 2, 3, 5]7
[0, 2, 3, 5, 3, 5]11
[0, 2, 3, 2, 0, 5]13
[0, 2, 3, 5, 0, 5]23
[0, 2, 3, 2, 3, 5]7
[0, 2, 3, 2, 3, 5]7
[0, 2, 3, 5, 3, 5]11
[0, 2, 3, 2, 3, 5]7
[0, 2, 3, 2, 3, 5]7
[0, 2, 3, 2, 3, 5]7
[0, 2, 0, 5, 3, 5]17
[0, 2, 3, 2, 3, 5]7
[0, 5, 3, 2, 3, 5]17
[0, 2, 3, 2, 3, 5]7
[0, 2, 3, 5, 0, 5]23
[0, 2, 3, 5, 3, 5]11
[0, 2, 3, 2, 0, 5]13
[0, 2, 3, 2, 3, 5]7
[0, 2, 3, 5, 0, 5]23
[0, 2, 3, 5, 0, 5]23
[0, 2, 3, 5, 3, 5]11
[0, 5, 3, 2, 3, 5]17
[0, 2, 3, 2, 3, 5]7
[0, 2, 3, 2, 3, 5]7
[0, 2, 0, 2, 3, 5]7
[0, 2, 3, 2, 3, 5]7
[0, 2, 2, 2, 3, 5]inf
[0, 2, 3, 2, 3, 5]7
[0, 2, 3, 5, 3, 5]11
[0, 2, 0, 2, 3, 5]7
[0, 2, 3, 2, 3, 5]7
[0, 2, 3, 2, 3, 5]7
[0, 2, 3, 2, 3, 5]7
[0, 2, 3, 4, 3, 5]13
[0, 5, 3, 2, 3, 5]17
[0, 5, 3, 5, 3, 5]21
[0, 2, 3, 2, 3, 5]7
[0, 2, 3, 2, 3, 5]7
[0, 2, 3, 2, 3, 5]7
[0, 5, 3, 5, 3, 5]21
[0, 2, 3, 2, 3, 5]7
[0, 2, 3, 2, 3, 5]7
[0, 2, 0, 2, 3, 5]7
[0, 2, 3, 2, 3, 5]7
[0, 2, 3, 2, 3, 5]7
[0, 2, 3, 2, 3, 5]7
[0, 2, 3, 5, 3, 5]11
[0, 2, 3, 2, 3, 5]7
[0, 2, 0, 5, 3, 5]17
[0, 2, 3, 2, 3, 5]7
[0, 5, 3, 2, 3, 5]17

Geração:6
[0, 2, 3, 2, 3, 5]7
[0, 2, 3, 2, 3, 5]7
[0, 2, 0, 2, 3, 5]7
[0, 2, 3, 2, 3, 5]7
[0, 2, 3, 2, 2, 5]inf
[0, 2, 3, 2, 3, 5]7
[0, 2, 3, 2, 3, 5]7
[0, 2, 3, 2, 3, 5]7
[0, 2, 3, 5, 3, 5]11
[0, 2, 3, 2, 3, 5]7
[0, 2, 3, 2, 3, 5]7
[0, 4, 3, 2, 3, 5]inf
[0, 2, 3, 5, 3, 5]11
[0, 2, 3, 5, 3, 5]11
[0, 2, 3, 5, 3, 5]11
[0, 2, 3, 2, 3, 5]7
[0, 2, 3, 2, 3, 5]7
[0, 2, 3, 2, 3, 5]7
[0, 2, 3, 2, 3, 5]7
[0, 2, 0, 5, 3, 5]17
[0, 2, 3, 2, 3, 5]7
[0, 2, 0, 2, 3, 5]7
[0, 2, 3, 2, 3, 5]7
[0, 2, 3, 2, 3, 5]7
[0, 2, 3, 2, 3, 5]7
[0, 2, 3, 4, 3, 5]13
[0, 2, 3, 2, 3, 5]7
[0, 2, 3, 2, 3, 5]7
[0, 2, 3, 2, 3, 5]7
[0, 2, 3, 2, 3, 5]7
[0, 2, 3, 2, 3, 5]7
[0, 2, 3, 2, 3, 5]7
[0, 5, 3, 2, 3, 5]17
[0, 2, 3, 2, 3, 5]7
[0, 2, 3, 2, 3, 5]7
[0, 2, 3, 2, 3, 5]7
[0, 2, 3, 2, 3, 5]7
[0, 2, 0, 2, 3, 5]7
[0, 2, 0, 2, 3, 5]7
[0, 2, 3, 5, 3, 5]11
[0, 2, 3, 2, 3, 5]7
[0, 2, 3, 4, 3, 5]13
[0, 2, 3, 2, 3, 5]7
[0, 2, 3, 2, 3, 5]7
[0, 2, 3, 2, 3, 5]7
[0, 2, 3, 2, 3, 5]7
[0, 2, 3, 5, 0, 5]23
[0, 2, 3, 5, 3, 5]11
[0, 2, 3, 2, 3, 5]7
[0, 2, 3, 2, 3, 5]7
[0, 2, 3, 2, 3, 5]7
[0, 2, 3, 5, 3, 5]11
[0, 2, 3, 2, 3, 5]7
[0, 2, 0, 5, 3, 5]17
[0, 2, 3, 2, 3, 5]7
[0, 2, 3, 2, 3, 5]7
[0, 5, 3, 5, 3, 5]21
[0, 2, 3, 2, 3, 5]7
[0, 2, 3, 2, 3, 5]7
[0, 2, 3, 2, 3, 5]7
[0, 2, 3, 2, 3, 5]7
[0, 2, 3, 2, 3, 5]7
[0, 5, 3, 5, 3, 5]21
[0, 2, 3, 2, 3, 5]7
[0, 2, 0, 2, 3, 5]7
[0, 2, 3, 2, 3, 5]7
[0, 2, 3, 2, 3, 5]7
[0, 2, 3, 2, 3, 5]7
[0, 2, 0, 2, 3, 5]7
[0, 2, 3, 2, 3, 5]7
[0, 2, 3, 2, 3, 5]7
[0, 5, 3, 2, 3, 5]17
[0, 2, 0, 2, 3, 5]7
[0, 2, 3, 2, 3, 5]7
[0, 2, 3, 2, 3, 5]7
[0, 2, 3, 2, 3, 5]7
[0, 2, 3, 5, 3, 5]11
[0, 2, 3, 2, 3, 5]7
[0, 2, 3, 5, 3, 5]11
[0, 2, 3, 2, 3, 5]7
[0, 2, 0, 2, 3, 5]7
[0, 2, 3, 2, 3, 5]7
[0, 2, 3, 2, 3, 5]7
[0, 2, 3, 2, 3, 5]7
[0, 5, 3, 2, 3, 5]17
[0, 2, 3, 2, 3, 5]7
[0, 2, 3, 2, 3, 5]7
[0, 2, 3, 2, 3, 5]7
[0, 2, 3, 2, 3, 5]7
[0, 0, 3, 2, 3, 5]inf
[0, 2, 3, 2, 3, 5]7
[0, 2, 3, 2, 3, 5]7
[0, 5, 3, 2, 3, 5]17
[0, 5, 3, 5, 3, 5]21
[0, 2, 3, 2, 3, 5]7
[0, 2, 3, 2, 3, 5]7
[0, 2, 3, 2, 3, 5]7
[0, 2, 3, 5, 3, 5]11
[0, 2, 3, 2, 3, 5]7
[0, 2, 3, 2, 3, 5]7

Geração:7
[0, 2, 3, 2, 3, 5]7
[0, 2, 0, 4, 3, 5]inf
[0, 2, 3, 5, 3, 5]11
[0, 2, 3, 2, 3, 5]7
[0, 2, 3, 2, 3, 5]7
[0, 2, 3, 2, 3, 5]7
[0, 2, 0, 2, 3, 5]7
[0, 2, 3, 2, 3, 5]7
[0, 2, 3, 2, 3, 5]7
[0, 2, 3, 2, 3, 5]7
[0, 2, 3, 2, 3, 5]7
[0, 4, 3, 2, 3, 5]inf
[0, 2, 3, 5, 3, 5]11
[0, 2, 3, 2, 3, 5]7
[0, 2, 3, 2, 3, 5]7
[0, 2, 0, 2, 3, 5]7
[0, 2, 3, 2, 3, 5]7
[0, 2, 3, 2, 3, 5]7
[0, 2, 3, 2, 3, 5]7
[0, 2, 3, 2, 3, 5]7
[0, 2, 3, 2, 3, 5]7
[0, 2, 3, 2, 3, 5]7
[0, 2, 3, 2, 3, 5]7
[0, 2, 3, 2, 3, 5]7
[0, 2, 0, 2, 3, 5]7
[0, 2, 0, 2, 3, 5]7
[0, 2, 3, 2, 3, 5]7
[0, 5, 3, 2, 3, 5]17
[0, 2, 3, 2, 3, 5]7
[0, 2, 0, 2, 3, 5]7
[0, 2, 0, 2, 3, 5]7
[0, 2, 0, 2, 1, 5]inf
[0, 2, 3, 2, 3, 5]7
[0, 2, 3, 2, 3, 5]7
[0, 2, 3, 2, 3, 5]7
[0, 2, 3, 4, 3, 5]13
[0, 2, 3, 2, 3, 5]7
[0, 2, 3, 2, 3, 5]7
[0, 2, 0, 2, 3, 5]7
[0, 5, 3, 2, 3, 5]17
[0, 2, 3, 2, 3, 5]7
[0, 2, 3, 5, 3, 5]11
[0, 2, 3, 2, 3, 5]7
[0, 2, 0, 2, 3, 5]7
[0, 2, 3, 2, 3, 5]7
[0, 2, 3, 2, 3, 5]7
[0, 2, 3, 2, 3, 5]7
[0, 2, 3, 2, 3, 5]7
[0, 2, 0, 2, 3, 5]7
[0, 2, 3, 2, 3, 5]7
[0, 2, 3, 2, 3, 5]7
[0, 2, 0, 2, 3, 5]7
[0, 2, 3, 2, 3, 5]7
[0, 2, 3, 0, 3, 5]inf
[0, 2, 3, 4, 3, 5]13
[0, 2, 3, 2, 3, 5]7
[0, 2, 3, 2, 3, 5]7
[0, 2, 3, 5, 3, 5]11
[0, 2, 0, 2, 3, 5]7
[0, 2, 3, 2, 3, 5]7
[0, 2, 3, 2, 3, 5]7
[0, 2, 3, 2, 3, 5]7
[0, 2, 5, 2, 3, 5]inf
[0, 2, 3, 2, 3, 5]7
[0, 2, 3, 2, 3, 5]7
[0, 2, 3, 2, 3, 5]7
[0, 2, 3, 2, 3, 5]7
[0, 2, 3, 2, 3, 5]7
[0, 2, 3, 2, 3, 5]7
[0, 2, 3, 2, 3, 5]7
[0, 2, 3, 2, 3, 5]7
[0, 2, 3, 2, 3, 5]7
[0, 2, 3, 2, 3, 5]7
[0, 2, 3, 2, 3, 5]7
[0, 2, 3, 2, 3, 5]7
[0, 2, 3, 2, 3, 5]7
[0, 2, 3, 2, 3, 5]7
[0, 2, 3, 2, 3, 5]7
[0, 2, 3, 5, 3, 5]11
[0, 2, 3, 2, 3, 5]7
[0, 5, 3, 5, 3, 5]21
[0, 2, 3, 2, 3, 5]7
[0, 2, 0, 2, 3, 5]7
[0, 2, 3, 5, 3, 5]11
[0, 2, 3, 2, 3, 5]7
[0, 2, 3, 2, 3, 5]7
[0, 2, 3, 2, 3, 5]7
[0, 2, 3, 2, 3, 5]7
[0, 2, 3, 2, 3, 5]7
[0, 2, 3, 2, 3, 5]7
[0, 2, 3, 2, 3, 5]7
[0, 2, 3, 2, 3, 5]7
[0, 2, 3, 2, 3, 5]7
[0, 2, 3, 2, 3, 5]7
[0, 2, 3, 3, 3, 5]inf
[0, 2, 3, 2, 3, 5]7
[0, 2, 3, 2, 3, 5]7
[0, 2, 3, 2, 3, 5]7
[0, 2, 3, 2, 3, 5]7
[0, 2, 3, 5, 3, 5]11

Geração:8
[0, 2, 3, 2, 3, 5]7
[0, 2, 3, 2, 3, 5]7
[0, 2, 3, 2, 3, 5]7
[0, 2, 3, 2, 3, 5]7
[0, 2, 4, 2, 3, 5]13
[0, 2, 0, 2, 3, 5]7
[0, 2, 0, 2, 3, 5]7
[0, 2, 3, 2, 3, 5]7
[0, 2, 3, 2, 3, 5]7
[0, 2, 3, 2, 3, 5]7
[0, 2, 3, 2, 3, 5]7
[0, 2, 3, 2, 3, 5]7
[0, 2, 3, 2, 3, 5]7
[0, 2, 3, 2, 3, 5]7
[0, 2, 3, 2, 2, 5]inf
[0, 2, 3, 2, 3, 5]7
[0, 2, 3, 2, 3, 5]7
[0, 2, 3, 2, 3, 5]7
[0, 2, 3, 2, 3, 5]7
[0, 2, 3, 2, 3, 5]7
[0, 2, 3, 2, 3, 5]7
[0, 2, 0, 2, 3, 5]7
[0, 2, 3, 2, 3, 5]7
[0, 2, 3, 2, 3, 5]7
[0, 2, 3, 2, 3, 5]7
[0, 2, 3, 4, 3, 5]13
[0, 2, 0, 2, 3, 5]7
[0, 2, 0, 2, 3, 5]7
[0, 2, 0, 2, 3, 5]7
[0, 2, 3, 2, 3, 5]7
[0, 2, 3, 2, 3, 5]7
[0, 2, 3, 2, 3, 5]7
[0, 2, 3, 2, 3, 5]7
[0, 2, 3, 2, 3, 5]7
[0, 2, 3, 2, 3, 5]7
[0, 2, 3, 2, 3, 5]7
[0, 2, 3, 2, 3, 5]7
[0, 2, 3, 2, 3, 5]7
[0, 2, 3, 2, 3, 5]7
[0, 2, 3, 4, 3, 5]13
[0, 5, 3, 2, 3, 5]17
[0, 2, 3, 5, 3, 5]11
[0, 2, 3, 2, 3, 5]7
[0, 2, 3, 2, 3, 5]7
[0, 2, 3, 5, 3, 5]11
[0, 2, 3, 2, 3, 5]7
[0, 2, 3, 2, 3, 5]7
[0, 2, 1, 2, 3, 5]9
[0, 2, 3, 2, 3, 5]7
[0, 2, 3, 2, 3, 5]7
[0, 2, 3, 5, 3, 5]11
[0, 2, 3, 2, 3, 5]7
[0, 2, 3, 2, 3, 5]7
[0, 2, 3, 2, 3, 5]7
[0, 2, 3, 2, 3, 5]7
[0, 2, 3, 2, 3, 5]7
[0, 2, 3, 2, 3, 5]7
[0, 2, 3, 2, 3, 5]7
[0, 2, 3, 2, 3, 5]7
[0, 2, 3, 2, 4, 5]inf
[0, 2, 3, 2, 3, 5]7
[0, 2, 3, 2, 3, 5]7
[0, 2, 3, 2, 3, 5]7
[0, 2, 3, 2, 3, 5]7
[0, 2, 0, 2, 3, 5]7
[0, 2, 3, 2, 3, 5]7
[0, 2, 3, 5, 3, 5]11
[0, 2, 3, 2, 3, 5]7
[0, 2, 3, 2, 3, 5]7
[0, 2, 3, 2, 3, 5]7
[0, 2, 3, 2, 3, 5]7
[0, 2, 3, 4, 3, 5]13
[0, 2, 3, 2, 3, 5]7
[0, 2, 3, 2, 3, 5]7
[0, 2, 3, 2, 3, 5]7
[0, 2, 0, 2, 3, 5]7
[0, 2, 0, 3, 3, 5]inf
[0, 2, 3, 2, 3, 5]7
[0, 2, 3, 2, 3, 5]7
[0, 2, 3, 2, 3, 5]7
[0, 2, 3, 2, 3, 5]7
[0, 2, 3, 2, 3, 5]7
[0, 2, 3, 2, 3, 5]7
[0, 2, 0, 2, 3, 5]7
[0, 2, 3, 2, 3, 5]7
[0, 2, 3, 5, 3, 5]11
[0, 2, 0, 2, 3, 5]7
[0, 2, 3, 2, 3, 5]7
[0, 2, 3, 2, 3, 5]7
[0, 2, 3, 2, 3, 5]7
[0, 2, 3, 2, 3, 5]7
[0, 2, 3, 2, 3, 5]7
[0, 2, 3, 2, 3, 5]7
[0, 2, 3, 2, 3, 5]7
[0, 2, 0, 5, 3, 5]17
[0, 2, 3, 2, 3, 5]7
[0, 2, 3, 2, 3, 5]7
[0, 2, 3, 2, 3, 5]7
[0, 2, 3, 4, 1, 5]inf
[0, 2, 3, 2, 3, 5]7

Geração:9
[0, 2, 3, 2, 3, 5]7
[0, 2, 0, 2, 3, 5]7
[0, 2, 3, 2, 3, 5]7
[0, 2, 3, 2, 3, 5]7
[0, 2, 3, 2, 3, 5]7
[0, 2, 3, 2, 3, 5]7
[0, 2, 3, 2, 3, 5]7
[0, 2, 0, 2, 3, 5]7
[0, 2, 3, 2, 3, 5]7
[0, 2, 3, 2, 3, 5]7
[0, 2, 3, 2, 3, 5]7
[0, 2, 3, 2, 3, 5]7
[0, 2, 3, 2, 3, 5]7
[0, 2, 3, 2, 3, 5]7
[0, 2, 3, 2, 3, 5]7
[0, 2, 3, 2, 3, 5]7
[0, 2, 3, 4, 3, 5]13
[0, 2, 3, 2, 3, 5]7
[0, 2, 3, 2, 3, 5]7
[0, 2, 3, 2, 3, 5]7
[0, 2, 3, 2, 3, 5]7
[0, 2, 3, 4, 3, 5]13
[0, 2, 3, 2, 3, 5]7
[0, 2, 3, 2, 3, 5]7
[0, 2, 3, 2, 3, 5]7
[0, 2, 3, 2, 3, 5]7
[0, 2, 3, 2, 3, 5]7
[0, 2, 0, 2, 3, 5]7
[0, 2, 3, 2, 3, 5]7
[0, 2, 3, 2, 3, 5]7
[0, 2, 3, 2, 3, 5]7
[0, 2, 0, 2, 3, 5]7
[0, 2, 0, 2, 3, 5]7
[0, 2, 3, 2, 3, 5]7
[0, 2, 3, 2, 3, 5]7
[0, 2, 3, 2, 3, 5]7
[0, 2, 3, 2, 3, 5]7
[0, 2, 3, 2, 3, 5]7
[0, 2, 3, 2, 3, 5]7
[0, 2, 3, 2, 3, 5]7
[0, 2, 3, 2, 3, 5]7
[0, 2, 3, 2, 3, 5]7
[0, 2, 3, 2, 3, 5]7
[0, 2, 3, 2, 3, 5]7
[0, 2, 3, 2, 3, 5]7
[0, 2, 3, 2, 3, 5]7
[0, 2, 3, 2, 3, 5]7
[0, 2, 3, 2, 3, 5]7
[0, 2, 3, 4, 3, 5]13
[0, 2, 3, 2, 3, 5]7
[0, 2, 3, 2, 3, 5]7
[0, 2, 3, 2, 3, 5]7
[0, 2, 3, 2, 3, 5]7
[0, 2, 3, 2, 3, 5]7
[0, 2, 3, 5, 2, 5]inf
[0, 2, 3, 2, 3, 5]7
[0, 2, 3, 2, 3, 5]7
[0, 2, 3, 2, 3, 5]7
[0, 2, 0, 2, 3, 5]7
[0, 2, 3, 2, 3, 5]7
[0, 2, 3, 2, 3, 5]7
[0, 2, 4, 2, 3, 5]13
[0, 2, 3, 2, 3, 5]7
[0, 2, 3, 2, 3, 5]7
[0, 2, 3, 2, 3, 5]7
[0, 2, 3, 2, 3, 5]7
[0, 4, 3, 2, 3, 5]inf
[0, 2, 3, 2, 3, 5]7
[0, 2, 0, 2, 3, 5]7
[0, 2, 3, 2, 3, 5]7
[0, 2, 3, 2, 3, 5]7
[0, 2, 3, 2, 3, 5]7
[0, 2, 3, 2, 3, 5]7
[0, 2, 3, 5, 3, 5]11
[0, 2, 3, 2, 3, 5]7
[0, 2, 3, 2, 3, 5]7
[0, 2, 3, 4, 3, 5]13
[0, 2, 3, 2, 3, 5]7
[0, 2, 3, 2, 3, 5]7
[0, 2, 3, 2, 3, 5]7
[0, 2, 3, 2, 3, 5]7
[0, 2, 3, 2, 3, 5]7
[0, 2, 3, 2, 3, 5]7
[0, 2, 3, 2, 3, 5]7
[0, 2, 3, 2, 3, 5]7
[0, 2, 3, 2, 3, 5]7
[0, 2, 3, 2, 3, 5]7
[0, 2, 3, 2, 3, 5]7
[0, 2, 3, 2, 3, 5]7
[0, 2, 3, 2, 3, 5]7
[0, 2, 3, 2, 3, 5]7
[0, 2, 0, 2, 3, 5]7
[0, 2, 3, 2, 3, 5]7
[0, 2, 0, 2, 3, 5]7
[0, 2, 3, 2, 3, 5]7
[0, 2, 3, 2, 3, 5]7
[0, 2, 3, 2, 3, 5]7
[0, 2, 0, 5, 3, 5]17
[0, 2, 3, 2, 3, 5]7
[0, 2, 3, 2, 3, 5]7

Geração:10
[0, 2, 3, 4, 3, 5]13
[0, 2, 3, 2, 3, 5]7
[0, 2, 3, 2, 3, 5]7
[0, 2, 0, 2, 3, 5]7
[0, 2, 0, 2, 3, 5]7
[0, 2, 3, 2, 3, 5]7
[0, 2, 3, 2, 3, 5]7
[0, 2, 3, 2, 3, 5]7
[0, 2, 3, 2, 3, 5]7
[0, 2, 3, 2, 3, 5]7
[0, 2, 3, 2, 3, 5]7
[0, 2, 0, 2, 3, 5]7
[0, 2, 3, 2, 3, 5]7
[0, 2, 3, 2, 3, 5]7
[0, 2, 3, 2, 3, 5]7
[0, 2, 3, 2, 3, 5]7
[0, 2, 3, 2, 3, 5]7
[0, 2, 3, 4, 3, 5]13
[0, 2, 3, 2, 3, 5]7
[0, 2, 3, 4, 3, 5]13
[0, 2, 3, 2, 3, 5]7
[0, 2, 3, 2, 3, 5]7
[0, 2, 3, 4, 3, 5]13
[0, 2, 3, 2, 3, 5]7
[0, 2, 3, 2, 3, 5]7
[0, 2, 3, 2, 3, 5]7
[0, 2, 0, 2, 3, 5]7
[0, 2, 3, 2, 3, 5]7
[0, 2, 3, 2, 3, 5]7
[0, 2, 3, 2, 3, 5]7
[0, 2, 3, 2, 3, 5]7
[0, 2, 0, 2, 3, 5]7
[0, 2, 3, 2, 3, 5]7
[0, 2, 3, 2, 3, 5]7
[0, 2, 3, 2, 3, 5]7
[0, 1, 3, 2, 3, 5]inf
[0, 2, 3, 2, 3, 5]7
[0, 2, 3, 2, 3, 5]7
[0, 2, 2, 2, 3, 5]inf
[0, 2, 3, 2, 3, 5]7
[0, 2, 3, 2, 3, 5]7
[0, 2, 3, 2, 3, 5]7
[0, 2, 3, 4, 3, 5]13
[0, 2, 3, 2, 3, 5]7
[0, 2, 3, 2, 3, 5]7
[0, 2, 0, 2, 3, 5]7
[0, 2, 3, 2, 3, 5]7
[0, 2, 3, 2, 3, 5]7
[0, 2, 0, 2, 3, 5]7
[0, 2, 3, 2, 3, 5]7
[0, 2, 3, 2, 3, 5]7
[0, 2, 3, 2, 3, 5]7
[0, 2, 3, 2, 3, 5]7
[0, 2, 3, 2, 3, 5]7
[0, 2, 3, 2, 3, 5]7
[0, 2, 3, 2, 3, 5]7
[0, 2, 3, 2, 3, 5]7
[0, 2, 3, 2, 3, 5]7
[0, 2, 3, 4, 3, 5]13
[0, 2, 3, 2, 3, 5]7
[0, 2, 3, 2, 3, 5]7
[0, 2, 3, 2, 3, 5]7
[0, 2, 3, 2, 3, 5]7
[0, 2, 3, 2, 3, 5]7
[0, 2, 3, 2, 3, 5]7
[0, 2, 3, 2, 3, 5]7
[0, 2, 3, 2, 3, 5]7
[0, 2, 3, 2, 3, 5]7
[0, 2, 3, 2, 3, 5]7
[0, 2, 3, 2, 3, 5]7
[0, 2, 3, 3, 3, 5]inf
[0, 2, 3, 2, 3, 5]7
[0, 2, 3, 2, 3, 5]7
[0, 2, 3, 2, 3, 5]7
[0, 2, 0, 2, 3, 5]7
[0, 2, 3, 2, 3, 5]7
[0, 2, 3, 2, 3, 5]7
[0, 2, 3, 2, 3, 5]7
[0, 2, 3, 2, 3, 5]7
[0, 2, 3, 2, 3, 5]7
[0, 2, 3, 2, 2, 5]inf
[0, 2, 0, 2, 3, 5]7
[0, 2, 3, 2, 3, 5]7
[0, 2, 3, 2, 3, 5]7
[0, 2, 0, 2, 3, 5]7
[0, 2, 3, 2, 3, 5]7
[0, 2, 3, 2, 3, 5]7
[0, 2, 0, 2, 3, 5]7
[0, 2, 0, 2, 3, 5]7
[0, 2, 3, 2, 3, 5]7
[0, 2, 3, 2, 3, 5]7
[0, 2, 3, 2, 3, 5]7
[0, 2, 3, 2, 3, 5]7
[0, 2, 3, 2, 3, 5]7
[0, 2, 3, 2, 3, 5]7
[0, 2, 3, 2, 3, 5]7
[0, 2, 3, 2, 3, 5]7
[0, 2, 3, 2, 3, 5]7
[0, 2, 3, 2, 3, 5]7
[0, 2, 3, 2, 3, 5]7

Geração:11
[0, 2, 3, 2, 5, 5]inf
[0, 2, 3, 4, 3, 5]13
[0, 2, 3, 2, 3, 5]7
[0, 2, 3, 2, 3, 5]7
[0, 2, 3, 2, 1, 5]inf
[0, 2, 3, 2, 3, 5]7
[0, 2, 3, 2, 3, 5]7
[0, 2, 3, 2, 3, 5]7
[0, 2, 3, 2, 3, 5]7
[0, 2, 3, 2, 3, 5]7
[0, 2, 3, 2, 3, 5]7
[0, 2, 3, 2, 3, 5]7
[0, 2, 3, 2, 3, 5]7
[0, 2, 3, 2, 3, 5]7
[0, 2, 3, 2, 3, 5]7
[0, 2, 3, 2, 3, 5]7
[0, 2, 3, 2, 3, 5]7
[0, 2, 0, 2, 3, 5]7
[0, 2, 3, 2, 3, 5]7
[0, 2, 0, 2, 3, 5]7
[0, 2, 3, 2, 3, 5]7
[0, 2, 3, 2, 3, 5]7
[0, 2, 3, 2, 3, 5]7
[0, 2, 3, 2, 3, 5]7
[0, 2, 3, 4, 3, 5]13
[0, 2, 3, 2, 3, 5]7
[0, 2, 3, 2, 3, 5]7
[0, 2, 3, 2, 3, 5]7
[0, 2, 3, 4, 3, 5]13
[0, 2, 3, 2, 3, 5]7
[0, 2, 3, 2, 3, 5]7
[0, 2, 3, 2, 3, 5]7
[0, 2, 3, 2, 3, 5]7
[0, 2, 3, 4, 3, 5]13
[0, 2, 0, 2, 3, 5]7
[0, 2, 0, 2, 3, 5]7
[0, 2, 3, 2, 3, 5]7
[0, 2, 0, 2, 3, 5]7
[0, 2, 3, 2, 3, 5]7
[0, 2, 3, 2, 3, 5]7
[0, 2, 0, 2, 3, 5]7
[0, 2, 0, 2, 3, 5]7
[0, 2, 3, 2, 3, 5]7
[0, 2, 0, 2, 3, 5]7
[0, 2, 3, 2, 3, 5]7
[0, 2, 0, 2, 3, 5]7
[0, 2, 3, 2, 3, 5]7
[0, 2, 3, 2, 3, 5]7
[0, 2, 0, 2, 3, 5]7
[0, 2, 3, 2, 3, 5]7
[0, 2, 0, 2, 3, 5]7
[0, 2, 3, 2, 3, 5]7
[0, 2, 0, 4, 3, 5]inf
[0, 2, 3, 2, 3, 5]7
[0, 2, 0, 2, 3, 5]7
[0, 2, 3, 2, 3, 5]7
[0, 2, 3, 2, 3, 5]7
[0, 2, 3, 2, 3, 5]7
[0, 2, 3, 2, 3, 5]7
[0, 2, 3, 2, 3, 5]7
[0, 2, 3, 2, 3, 5]7
[0, 2, 3, 2, 3, 5]7
[0, 2, 0, 2, 3, 5]7
[0, 2, 3, 2, 3, 5]7
[0, 2, 3, 2, 3, 5]7
[0, 2, 3, 2, 3, 5]7
[0, 2, 3, 2, 3, 5]7
[0, 2, 3, 2, 3, 5]7
[0, 2, 0, 2, 3, 5]7
[0, 2, 3, 2, 3, 5]7
[0, 2, 3, 2, 3, 5]7
[0, 2, 3, 2, 3, 5]7
[0, 2, 3, 2, 3, 5]7
[0, 2, 3, 2, 3, 5]7
[0, 2, 3, 2, 3, 5]7
[0, 2, 3, 2, 3, 5]7
[0, 2, 3, 2, 3, 5]7
[0, 2, 3, 2, 3, 5]7
[0, 2, 3, 2, 3, 5]7
[0, 2, 3, 2, 3, 5]7
[0, 2, 3, 2, 3, 5]7
[0, 2, 3, 2, 3, 5]7
[0, 2, 3, 2, 3, 5]7
[0, 2, 3, 2, 3, 5]7
[0, 2, 3, 2, 3, 5]7
[0, 2, 3, 2, 3, 5]7
[0, 2, 0, 2, 3, 5]7
[0, 2, 3, 2, 3, 5]7
[0, 2, 3, 2, 3, 5]7
[0, 2, 3, 2, 3, 5]7
[0, 2, 3, 2, 3, 5]7
[0, 2, 3, 2, 3, 5]7
[0, 2, 3, 2, 3, 5]7
[0, 2, 3, 2, 3, 5]7
[0, 2, 3, 2, 3, 5]7
[0, 2, 0, 2, 3, 5]7
[0, 2, 3, 2, 3, 5]7
[0, 2, 0, 2, 3, 5]7
[0, 2, 3, 0, 3, 5]inf
[0, 2, 3, 1, 3, 5]inf

Geração:12
[0, 2, 0, 2, 3, 5]7
[0, 2, 3, 2, 3, 5]7
[0, 2, 3, 2, 3, 5]7
[0, 2, 3, 2, 3, 5]7
[0, 2, 3, 2, 3, 5]7
[0, 2, 3, 2, 3, 5]7
[0, 2, 3, 2, 3, 5]7
[0, 2, 3, 2, 3, 5]7
[0, 2, 3, 2, 3, 5]7
[0, 2, 3, 2, 3, 5]7
[0, 2, 3, 2, 3, 5]7
[0, 2, 3, 2, 1, 5]inf
[0, 2, 3, 2, 3, 5]7
[0, 2, 0, 2, 3, 5]7
[0, 2, 3, 2, 3, 5]7
[0, 2, 0, 2, 3, 5]7
[0, 2, 3, 2, 3, 5]7
[0, 2, 3, 2, 3, 5]7
[0, 2, 3, 2, 3, 5]7
[0, 2, 3, 2, 3, 5]7
[0, 2, 0, 2, 3, 5]7
[0, 2, 3, 2, 3, 5]7
[0, 2, 3, 2, 3, 5]7
[0, 2, 3, 2, 3, 5]7
[0, 2, 3, 2, 3, 5]7
[0, 2, 3, 2, 3, 5]7
[0, 2, 3, 2, 3, 5]7
[0, 2, 3, 2, 3, 5]7
[0, 2, 0, 2, 3, 5]7
[0, 2, 0, 2, 3, 5]7
[0, 2, 3, 2, 3, 5]7
[0, 2, 3, 2, 3, 5]7
[0, 2, 3, 2, 2, 5]inf
[0, 2, 3, 2, 3, 5]7
[0, 2, 3, 2, 3, 5]7
[0, 2, 3, 2, 3, 5]7
[0, 2, 0, 2, 3, 5]7
[0, 2, 0, 2, 3, 5]7
[0, 2, 3, 2, 3, 5]7
[0, 2, 3, 2, 3, 5]7
[0, 2, 3, 2, 3, 5]7
[0, 2, 3, 2, 3, 5]7
[0, 2, 3, 2, 3, 5]7
[0, 2, 3, 2, 3, 5]7
[0, 2, 3, 2, 3, 5]7
[0, 2, 3, 2, 3, 5]7
[0, 2, 3, 2, 3, 5]7
[0, 2, 3, 2, 3, 5]7
[0, 2, 0, 2, 3, 5]7
[0, 2, 3, 2, 3, 5]7
[0, 2, 3, 2, 3, 5]7
[0, 2, 0, 2, 3, 5]7
[0, 2, 3, 2, 3, 5]7
[0, 2, 3, 2, 3, 5]7
[0, 2, 3, 2, 3, 5]7
[0, 2, 3, 2, 3, 5]7
[0, 2, 3, 2, 3, 5]7
[0, 2, 0, 2, 3, 5]7
[0, 2, 0, 2, 3, 5]7
[0, 2, 3, 2, 3, 5]7
[0, 2, 3, 2, 3, 5]7
[0, 2, 3, 2, 3, 5]7
[0, 2, 3, 2, 3, 5]7
[0, 2, 3, 4, 3, 5]13
[0, 2, 0, 2, 3, 5]7
[0, 2, 0, 2, 3, 5]7
[0, 2, 3, 2, 3, 5]7
[0, 2, 0, 2, 3, 5]7
[0, 2, 3, 2, 3, 5]7
[0, 2, 3, 2, 3, 5]7
[0, 2, 3, 2, 3, 5]7
[0, 2, 3, 2, 3, 5]7
[0, 2, 3, 2, 3, 5]7
[0, 2, 0, 2, 3, 5]7
[0, 2, 3, 4, 3, 5]13
[0, 2, 3, 2, 3, 5]7
[0, 2, 3, 2, 3, 5]7
[0, 2, 3, 2, 3, 5]7
[0, 2, 3, 2, 3, 5]7
[0, 2, 3, 2, 3, 5]7
[0, 2, 3, 2, 3, 5]7
[0, 2, 3, 2, 3, 5]7
[0, 2, 3, 2, 3, 5]7
[0, 2, 3, 2, 3, 5]7
[0, 2, 3, 2, 3, 5]7
[0, 2, 3, 2, 3, 5]7
[0, 2, 3, 2, 3, 5]7
[0, 2, 0, 2, 3, 5]7
[0, 2, 0, 2, 3, 5]7
[0, 2, 0, 2, 3, 5]7
[0, 2, 3, 2, 3, 5]7
[0, 2, 0, 2, 3, 5]7
[0, 2, 3, 2, 3, 5]7
[0, 2, 3, 2, 3, 5]7
[0, 2, 0, 2, 3, 5]7
[0, 2, 0, 2, 3, 5]7
[0, 2, 3, 2, 3, 5]7
[0, 2, 3, 2, 3, 5]7
[0, 2, 3, 2, 3, 5]7
[0, 2, 3, 2, 3, 5]7

Geração:13
[0, 2, 0, 2, 3, 5]7
[0, 2, 0, 2, 3, 5]7
[0, 2, 0, 2, 3, 5]7
[0, 2, 3, 2, 3, 5]7
[0, 2, 3, 2, 3, 5]7
[0, 2, 3, 2, 3, 5]7
[0, 2, 3, 2, 3, 5]7
[0, 2, 0, 2, 3, 5]7
[0, 2, 3, 2, 3, 5]7
[0, 2, 3, 2, 3, 5]7
[0, 2, 3, 2, 3, 5]7
[0, 2, 3, 2, 3, 5]7
[0, 2, 3, 2, 3, 5]7
[0, 2, 3, 2, 3, 5]7
[0, 2, 3, 2, 3, 5]7
[0, 2, 3, 2, 3, 5]7
[0, 2, 0, 2, 3, 5]7
[0, 2, 3, 2, 3, 5]7
[0, 2, 3, 2, 3, 5]7
[0, 2, 3, 2, 3, 5]7
[0, 2, 3, 2, 3, 5]7
[0, 2, 0, 2, 3, 5]7
[0, 2, 3, 4, 3, 5]13
[0, 2, 3, 2, 3, 5]7
[0, 2, 0, 2, 3, 5]7
[0, 2, 3, 2, 3, 5]7
[0, 2, 3, 2, 3, 5]7
[0, 2, 0, 2, 3, 5]7
[0, 2, 3, 2, 3, 5]7
[0, 2, 0, 4, 3, 5]inf
[0, 2, 3, 2, 3, 5]7
[0, 2, 3, 2, 3, 5]7
[0, 2, 0, 2, 3, 5]7
[0, 2, 3, 2, 3, 5]7
[0, 2, 3, 2, 3, 5]7
[0, 2, 0, 2, 3, 5]7
[0, 2, 3, 2, 3, 5]7
[0, 2, 3, 2, 3, 5]7
[0, 2, 3, 2, 3, 5]7
[0, 2, 3, 2, 3, 5]7
[0, 2, 3, 2, 3, 5]7
[0, 2, 3, 2, 3, 5]7
[0, 2, 0, 2, 3, 5]7
[0, 2, 3, 2, 3, 5]7
[0, 2, 3, 2, 3, 5]7
[0, 2, 3, 2, 3, 5]7
[0, 2, 3, 2, 3, 5]7
[0, 2, 3, 2, 3, 5]7
[0, 2, 0, 2, 3, 5]7
[0, 2, 0, 2, 3, 5]7
[0, 2, 3, 2, 3, 5]7
[0, 2, 0, 2, 3, 5]7
[0, 2, 3, 4, 3, 5]13
[0, 2, 3, 2, 3, 5]7
[0, 2, 3, 4, 3, 5]13
[0, 2, 3, 2, 3, 5]7
[0, 2, 3, 2, 3, 5]7
[0, 2, 0, 2, 3, 5]7
[0, 2, 0, 2, 3, 5]7
[0, 2, 3, 2, 3, 5]7
[0, 2, 3, 2, 3, 5]7
[0, 2, 0, 4, 3, 5]inf
[0, 2, 3, 2, 3, 5]7
[0, 2, 3, 2, 3, 5]7
[0, 2, 3, 2, 3, 5]7
[0, 2, 3, 2, 3, 5]7
[0, 2, 3, 2, 3, 5]7
[0, 2, 3, 2, 3, 5]7
[0, 2, 0, 2, 3, 5]7
[0, 2, 3, 2, 3, 5]7
[0, 2, 3, 2, 3, 5]7
[0, 2, 0, 2, 5, 5]inf
[0, 2, 3, 2, 3, 5]7
[0, 2, 3, 2, 3, 5]7
[0, 2, 3, 2, 3, 5]7
[0, 2, 3, 2, 3, 5]7
[0, 2, 3, 2, 3, 5]7
[0, 2, 3, 2, 3, 5]7
[0, 2, 3, 2, 3, 5]7
[0, 2, 3, 2, 3, 5]7
[0, 2, 0, 2, 3, 5]7
[0, 2, 3, 2, 3, 5]7
[0, 2, 3, 2, 3, 5]7
[0, 2, 3, 2, 3, 5]7
[0, 2, 3, 2, 3, 5]7
[0, 2, 3, 2, 3, 5]7
[0, 2, 3, 2, 3, 5]7
[0, 2, 3, 2, 3, 5]7
[0, 2, 3, 2, 3, 5]7
[0, 2, 3, 2, 3, 5]7
[0, 2, 0, 2, 3, 5]7
[0, 2, 3, 2, 3, 5]7
[0, 2, 3, 2, 3, 5]7
[0, 2, 0, 2, 3, 5]7
[0, 2, 3, 2, 3, 5]7
[0, 2, 3, 2, 3, 5]7
[0, 2, 3, 2, 3, 5]7
[0, 2, 3, 2, 3, 5]7
[0, 2, 3, 2, 3, 5]7
[0, 2, 3, 2, 3, 5]7

Geração:14
[0, 2, 3, 2, 3, 5]7
[0, 2, 3, 2, 3, 5]7
[0, 2, 3, 2, 3, 5]7
[0, 2, 3, 2, 3, 5]7
[0, 2, 0, 2, 3, 5]7
[0, 2, 3, 2, 3, 5]7
[0, 2, 3, 2, 3, 5]7
[0, 2, 3, 2, 3, 5]7
[0, 2, 3, 2, 3, 5]7
[0, 2, 3, 2, 3, 5]7
[0, 2, 3, 2, 3, 5]7
[0, 2, 3, 2, 3, 5]7
[0, 2, 0, 2, 3, 5]7
[0, 2, 3, 2, 3, 5]7
[0, 2, 3, 2, 3, 5]7
[0, 2, 3, 2, 3, 5]7
[0, 2, 3, 2, 3, 5]7
[0, 2, 0, 2, 3, 5]7
[0, 2, 3, 2, 3, 5]7
[0, 2, 3, 2, 3, 5]7
[0, 2, 3, 2, 3, 5]7
[0, 2, 0, 2, 3, 5]7
[0, 2, 0, 2, 3, 5]7
[0, 2, 3, 2, 3, 5]7
[0, 2, 3, 2, 3, 5]7
[0, 2, 0, 3, 3, 5]inf
[0, 2, 3, 2, 3, 5]7
[0, 2, 3, 2, 3, 5]7
[0, 2, 3, 2, 3, 5]7
[0, 2, 3, 5, 3, 5]11
[0, 2, 3, 2, 3, 5]7
[0, 2, 3, 2, 3, 5]7
[0, 2, 3, 2, 3, 5]7
[0, 2, 3, 2, 5, 5]inf
[0, 2, 0, 2, 3, 5]7
[0, 2, 3, 2, 3, 5]7
[0, 2, 0, 2, 3, 5]7
[0, 2, 0, 2, 3, 5]7
[0, 2, 3, 2, 3, 5]7
[0, 2, 3, 2, 3, 5]7
[0, 2, 3, 2, 3, 5]7
[0, 2, 3, 2, 3, 5]7
[0, 2, 3, 2, 3, 5]7
[0, 2, 0, 2, 3, 5]7
[0, 2, 0, 2, 3, 5]7
[0, 2, 3, 2, 3, 5]7
[0, 2, 0, 2, 3, 5]7
[0, 2, 3, 2, 3, 5]7
[0, 2, 3, 2, 3, 5]7
[0, 2, 3, 2, 3, 5]7
[0, 2, 3, 2, 3, 5]7
[0, 2, 0, 2, 3, 5]7
[0, 2, 3, 2, 3, 5]7
[0, 2, 3, 2, 3, 5]7
[0, 2, 3, 2, 3, 5]7
[0, 2, 3, 2, 3, 5]7
[0, 2, 3, 2, 3, 5]7
[0, 2, 3, 2, 3, 5]7
[0, 2, 3, 2, 3, 5]7
[0, 2, 0, 4, 3, 5]inf
[0, 2, 3, 2, 3, 5]7
[0, 2, 3, 4, 3, 5]13
[0, 2, 0, 2, 3, 5]7
[0, 2, 0, 2, 3, 5]7
[0, 2, 3, 2, 3, 5]7
[0, 2, 0, 2, 3, 5]7
[0, 2, 3, 2, 3, 5]7
[0, 2, 3, 2, 3, 5]7
[0, 2, 3, 2, 3, 5]7
[0, 2, 3, 2, 3, 5]7
[0, 2, 3, 2, 3, 5]7
[0, 2, 3, 2, 3, 5]7
[0, 2, 3, 2, 3, 5]7
[0, 2, 0, 2, 3, 5]7
[0, 2, 3, 2, 3, 5]7
[0, 2, 0, 2, 3, 5]7
[0, 2, 3, 2, 3, 5]7
[0, 2, 0, 2, 3, 5]7
[0, 2, 3, 2, 3, 5]7
[0, 2, 3, 2, 3, 5]7
[0, 2, 3, 2, 3, 5]7
[0, 2, 3, 2, 3, 5]7
[0, 2, 3, 2, 3, 5]7
[0, 2, 3, 2, 3, 5]7
[0, 2, 0, 2, 3, 5]7
[0, 2, 3, 2, 3, 5]7
[0, 2, 3, 2, 3, 5]7
[0, 2, 3, 2, 3, 5]7
[0, 2, 3, 2, 3, 5]7
[0, 2, 0, 2, 3, 5]7
[0, 2, 3, 2, 3, 5]7
[0, 2, 0, 2, 3, 5]7
[0, 2, 3, 2, 3, 5]7
[0, 2, 3, 2, 3, 5]7
[0, 0, 3, 2, 3, 5]inf
[0, 2, 3, 2, 3, 5]7
[0, 2, 3, 2, 3, 5]7
[0, 2, 3, 2, 3, 5]7
[0, 2, 3, 2, 3, 5]7
[0, 2, 3, 2, 3, 5]7

Geração:15
[0, 2, 0, 2, 3, 5]7
[0, 2, 3, 2, 3, 5]7
[0, 2, 3, 2, 3, 5]7
[0, 2, 3, 2, 3, 5]7
[0, 2, 0, 2, 3, 5]7
[0, 2, 3, 2, 3, 5]7
[0, 2, 0, 2, 3, 5]7
[0, 2, 0, 2, 2, 5]inf
[0, 2, 3, 2, 3, 5]7
[0, 2, 0, 2, 3, 5]7
[0, 2, 3, 5, 3, 5]11
[0, 2, 3, 2, 3, 5]7
[0, 2, 0, 2, 3, 5]7
[0, 2, 3, 2, 3, 5]7
[0, 2, 3, 2, 3, 5]7
[0, 2, 3, 2, 3, 5]7
[0, 2, 3, 2, 3, 5]7
[0, 2, 3, 2, 3, 5]7
[0, 2, 3, 2, 3, 5]7
[0, 2, 3, 2, 3, 5]7
[0, 2, 0, 2, 3, 5]7
[0, 2, 3, 2, 3, 5]7
[0, 2, 3, 2, 3, 5]7
[0, 2, 3, 2, 3, 5]7
[0, 2, 3, 2, 3, 5]7
[0, 2, 3, 2, 5, 5]inf
[0, 2, 3, 2, 3, 5]7
[0, 2, 3, 2, 3, 5]7
[0, 2, 3, 2, 3, 5]7
[0, 2, 3, 2, 3, 5]7
[0, 2, 3, 2, 3, 5]7
[0, 2, 3, 2, 3, 5]7
[0, 2, 3, 2, 3, 5]7
[0, 2, 3, 2, 3, 5]7
[0, 2, 0, 2, 3, 5]7
[0, 2, 3, 2, 3, 5]7
[0, 2, 0, 2, 3, 5]7
[0, 2, 3, 2, 3, 5]7
[0, 2, 3, 2, 3, 5]7
[0, 2, 3, 2, 3, 5]7
[0, 2, 3, 2, 3, 5]7
[0, 2, 3, 2, 3, 5]7
[0, 2, 0, 2, 3, 5]7
[0, 2, 3, 2, 3, 5]7
[0, 2, 3, 2, 3, 5]7
[0, 2, 3, 2, 3, 5]7
[0, 2, 3, 2, 3, 5]7
[0, 2, 3, 2, 3, 5]7
[0, 2, 3, 2, 3, 5]7
[0, 2, 3, 2, 3, 5]7
[0, 2, 3, 2, 3, 5]7
[0, 2, 3, 2, 3, 5]7
[0, 2, 3, 2, 3, 5]7
[0, 2, 3, 2, 3, 5]7
[0, 2, 3, 2, 3, 5]7
[0, 2, 3, 2, 3, 5]7
[0, 2, 3, 2, 3, 5]7
[0, 2, 0, 2, 3, 5]7
[0, 2, 3, 2, 3, 5]7
[0, 2, 3, 2, 3, 5]7
[0, 2, 0, 2, 3, 5]7
[0, 2, 3, 2, 3, 5]7
[0, 2, 3, 1, 3, 5]inf
[0, 2, 0, 2, 3, 5]7
[0, 2, 3, 2, 3, 5]7
[0, 2, 0, 2, 3, 5]7
[0, 2, 3, 2, 3, 5]7
[0, 2, 3, 2, 3, 5]7
[0, 2, 0, 2, 3, 5]7
[0, 2, 3, 2, 3, 5]7
[0, 2, 0, 2, 3, 5]7
[0, 2, 0, 2, 3, 5]7
[0, 2, 3, 2, 3, 5]7
[0, 2, 3, 2, 3, 5]7
[0, 2, 3, 2, 3, 5]7
[0, 2, 3, 2, 3, 5]7
[0, 2, 3, 2, 3, 5]7
[0, 2, 0, 2, 3, 5]7
[0, 2, 3, 2, 3, 5]7
[0, 2, 0, 2, 3, 5]7
[0, 2, 0, 2, 3, 5]7
[0, 2, 3, 2, 3, 5]7
[0, 2, 3, 2, 3, 5]7
[0, 2, 0, 2, 3, 5]7
[0, 2, 3, 2, 3, 5]7
[0, 2, 0, 2, 3, 5]7
[0, 2, 3, 2, 3, 5]7
[0, 2, 0, 2, 3, 5]7
[0, 2, 3, 2, 3, 5]7
[0, 2, 0, 2, 3, 5]7
[0, 2, 3, 2, 3, 5]7
[0, 2, 3, 2, 3, 5]7
[0, 2, 0, 2, 3, 5]7
[0, 2, 3, 2, 3, 5]7
[0, 2, 3, 2, 3, 5]7
[0, 2, 3, 2, 3, 5]7
[0, 2, 3, 0, 3, 5]inf
[0, 2, 0, 2, 3, 5]7
[0, 2, 3, 2, 3, 5]7
[0, 2, 0, 2, 3, 5]7

Geração:16
[0, 2, 3, 2, 3, 5]7
[0, 2, 0, 2, 3, 5]7
[0, 2, 3, 2, 3, 5]7
[0, 2, 3, 2, 3, 5]7
[0, 2, 0, 2, 3, 5]7
[0, 2, 3, 2, 3, 5]7
[0, 2, 3, 2, 3, 5]7
[0, 2, 3, 2, 3, 5]7
[0, 2, 3, 2, 3, 5]7
[0, 2, 3, 3, 3, 5]inf
[0, 2, 3, 2, 3, 5]7
[0, 2, 0, 2, 3, 5]7
[0, 2, 0, 2, 3, 5]7
[0, 2, 3, 2, 3, 5]7
[0, 2, 0, 2, 3, 5]7
[0, 2, 3, 2, 3, 5]7
[0, 2, 3, 2, 3, 5]7
[0, 2, 3, 2, 3, 5]7
[0, 2, 0, 2, 3, 5]7
[0, 2, 0, 2, 3, 5]7
[0, 2, 0, 2, 3, 5]7
[0, 2, 0, 2, 3, 5]7
[0, 2, 0, 2, 3, 5]7
[0, 2, 0, 2, 3, 5]7
[0, 2, 0, 2, 3, 5]7
[0, 2, 3, 2, 3, 5]7
[0, 2, 3, 2, 3, 5]7
[0, 2, 3, 2, 3, 5]7
[0, 2, 0, 2, 3, 5]7
[0, 2, 3, 2, 3, 5]7
[0, 2, 2, 2, 3, 5]inf
[0, 2, 3, 2, 3, 5]7
[0, 2, 0, 2, 3, 5]7
[0, 2, 0, 2, 3, 5]7
[0, 2, 3, 2, 3, 5]7
[0, 2, 0, 2, 3, 5]7
[0, 2, 0, 2, 3, 5]7
[0, 2, 0, 2, 3, 5]7
[0, 2, 3, 2, 3, 5]7
[0, 2, 3, 1, 3, 5]inf
[0, 2, 3, 2, 3, 5]7
[0, 2, 3, 2, 3, 5]7
[0, 2, 3, 2, 3, 5]7
[0, 2, 0, 2, 3, 5]7
[0, 2, 3, 2, 3, 5]7
[0, 2, 0, 2, 3, 5]7
[0, 2, 0, 2, 3, 5]7
[0, 2, 3, 2, 3, 5]7
[0, 2, 0, 2, 3, 5]7
[0, 2, 0, 2, 3, 5]7
[0, 2, 3, 2, 3, 5]7
[0, 2, 3, 2, 3, 5]7
[0, 2, 3, 2, 3, 5]7
[0, 2, 3, 2, 3, 5]7
[0, 2, 0, 5, 3, 5]17
[0, 2, 3, 2, 3, 5]7
[0, 2, 0, 2, 3, 5]7
[0, 2, 0, 2, 3, 5]7
[0, 2, 3, 2, 3, 5]7
[0, 2, 3, 2, 3, 5]7
[0, 2, 0, 2, 3, 5]7
[0, 2, 3, 2, 3, 5]7
[0, 2, 3, 3, 3, 5]inf
[0, 2, 3, 2, 3, 5]7
[0, 2, 3, 2, 3, 5]7
[0, 2, 3, 2, 3, 5]7
[0, 2, 3, 2, 3, 5]7
[0, 2, 3, 2, 3, 5]7
[0, 2, 3, 2, 3, 5]7
[0, 2, 0, 2, 3, 5]7
[0, 2, 3, 2, 3, 5]7
[0, 2, 3, 2, 3, 5]7
[0, 2, 3, 2, 3, 5]7
[0, 2, 3, 2, 3, 5]7
[0, 2, 3, 2, 3, 5]7
[0, 2, 3, 2, 3, 5]7
[0, 2, 0, 2, 3, 5]7
[0, 2, 3, 2, 3, 5]7
[0, 2, 3, 2, 3, 5]7
[0, 2, 0, 2, 3, 5]7
[0, 2, 1, 2, 3, 5]9
[0, 2, 0, 2, 3, 5]7
[0, 2, 3, 2, 3, 5]7
[0, 2, 0, 2, 3, 5]7
[0, 2, 3, 2, 3, 5]7
[0, 2, 3, 2, 3, 5]7
[0, 2, 3, 2, 3, 5]7
[0, 2, 3, 2, 3, 5]7
[0, 2, 0, 2, 3, 5]7
[0, 2, 3, 2, 3, 5]7
[0, 2, 3, 2, 3, 5]7
[0, 2, 0, 2, 3, 5]7
[0, 2, 0, 2, 3, 5]7
[0, 2, 0, 2, 3, 5]7
[0, 2, 3, 2, 3, 5]7
[0, 2, 3, 2, 3, 5]7
[0, 2, 3, 2, 3, 5]7
[0, 2, 3, 2, 3, 5]7
[0, 2, 3, 2, 3, 5]7
[0, 2, 3, 2, 3, 5]7

Geração:17
[0, 2, 3, 2, 3, 5]7
[0, 2, 3, 2, 3, 5]7
[0, 2, 0, 2, 3, 5]7
[0, 2, 0, 2, 3, 5]7
[0, 2, 3, 2, 3, 5]7
[0, 2, 3, 2, 3, 5]7
[0, 2, 3, 2, 3, 5]7
[0, 2, 3, 2, 3, 5]7
[0, 2, 0, 2, 3, 5]7
[0, 2, 0, 2, 3, 5]7
[0, 2, 3, 2, 3, 5]7
[0, 2, 3, 2, 3, 5]7
[0, 2, 3, 2, 3, 5]7
[0, 2, 0, 2, 3, 5]7
[0, 2, 3, 2, 3, 5]7
[0, 2, 3, 2, 3, 5]7
[0, 2, 3, 2, 3, 5]7
[0, 2, 0, 2, 3, 5]7
[0, 2, 3, 2, 3, 5]7
[0, 2, 3, 2, 3, 5]7
[0, 2, 0, 2, 3, 5]7
[0, 2, 3, 2, 3, 5]7
[0, 2, 0, 2, 3, 5]7
[0, 2, 3, 2, 3, 5]7
[0, 2, 0, 2, 3, 5]7
[0, 2, 3, 2, 3, 5]7
[0, 2, 0, 2, 4, 5]inf
[0, 2, 3, 2, 3, 5]7
[0, 2, 3, 2, 3, 5]7
[0, 2, 3, 2, 3, 5]7
[0, 2, 0, 2, 3, 5]7
[0, 2, 0, 2, 3, 5]7
[0, 2, 0, 2, 3, 5]7
[0, 2, 0, 2, 3, 5]7
[0, 2, 0, 2, 3, 5]7
[0, 2, 0, 2, 3, 5]7
[0, 2, 3, 2, 3, 5]7
[0, 2, 3, 2, 3, 5]7
[0, 2, 3, 2, 3, 5]7
[0, 2, 3, 2, 3, 5]7
[0, 2, 0, 2, 3, 5]7
[0, 2, 3, 2, 3, 5]7
[0, 2, 3, 2, 3, 5]7
[0, 2, 3, 2, 3, 5]7
[0, 2, 3, 2, 3, 5]7
[0, 2, 3, 2, 3, 5]7
[0, 2, 1, 2, 3, 5]9
[0, 2, 3, 2, 3, 5]7
[0, 2, 3, 2, 3, 5]7
[0, 2, 0, 2, 3, 5]7
[0, 2, 0, 2, 3, 5]7
[0, 2, 0, 2, 3, 5]7
[0, 2, 3, 2, 3, 5]7
[0, 2, 3, 2, 3, 5]7
[0, 2, 3, 2, 3, 5]7
[0, 2, 3, 2, 3, 5]7
[0, 2, 3, 2, 3, 5]7
[0, 2, 3, 2, 3, 5]7
[0, 2, 0, 2, 3, 5]7
[0, 2, 3, 2, 3, 5]7
[0, 2, 3, 2, 3, 5]7
[0, 2, 3, 2, 3, 5]7
[0, 2, 3, 2, 3, 5]7
[0, 2, 0, 2, 3, 5]7
[0, 2, 0, 2, 3, 5]7
[0, 2, 3, 2, 3, 5]7
[0, 2, 3, 2, 3, 5]7
[0, 2, 3, 2, 3, 5]7
[0, 2, 3, 2, 3, 5]7
[0, 2, 3, 2, 3, 5]7
[0, 2, 3, 2, 3, 5]7
[0, 2, 3, 2, 3, 5]7
[0, 2, 3, 2, 3, 5]7
[0, 2, 3, 2, 3, 5]7
[0, 2, 3, 2, 3, 5]7
[0, 2, 0, 2, 3, 5]7
[0, 2, 0, 2, 3, 5]7
[0, 2, 0, 2, 3, 5]7
[0, 2, 3, 2, 3, 5]7
[0, 2, 3, 2, 3, 5]7
[0, 2, 0, 2, 3, 5]7
[0, 3, 3, 2, 3, 5]inf
[0, 2, 3, 2, 3, 5]7
[0, 2, 3, 2, 3, 5]7
[0, 2, 3, 2, 3, 5]7
[0, 2, 0, 2, 3, 5]7
[0, 2, 3, 2, 3, 5]7
[0, 2, 0, 2, 3, 5]7
[0, 2, 3, 2, 3, 5]7
[0, 2, 0, 2, 3, 5]7
[0, 2, 3, 2, 3, 5]7
[0, 2, 0, 2, 3, 5]7
[0, 2, 1, 2, 3, 5]9
[0, 2, 3, 2, 3, 5]7
[0, 2, 3, 2, 3, 5]7
[0, 2, 0, 2, 3, 5]7
[0, 2, 3, 3, 3, 5]inf
[0, 2, 3, 2, 3, 5]7
[0, 2, 3, 2, 3, 5]7
[0, 2, 3, 2, 3, 5]7

Geração:18
[0, 2, 0, 2, 3, 5]7
[0, 5, 3, 2, 3, 5]17
[0, 2, 0, 2, 3, 5]7
[0, 2, 0, 2, 3, 5]7
[0, 2, 3, 2, 3, 5]7
[0, 2, 0, 2, 3, 5]7
[0, 2, 3, 2, 3, 5]7
[0, 2, 3, 2, 3, 5]7
[0, 2, 0, 2, 3, 5]7
[0, 2, 3, 2, 3, 5]7
[0, 2, 3, 2, 3, 5]7
[0, 2, 3, 2, 3, 5]7
[0, 2, 0, 2, 3, 5]7
[0, 2, 3, 2, 3, 5]7
[0, 2, 3, 2, 3, 5]7
[0, 2, 3, 2, 3, 5]7
[0, 2, 3, 2, 3, 5]7
[0, 2, 3, 2, 3, 5]7
[0, 2, 3, 2, 3, 5]7
[0, 2, 3, 2, 3, 5]7
[0, 2, 3, 2, 3, 5]7
[0, 2, 3, 2, 3, 5]7
[0, 2, 3, 2, 3, 5]7
[0, 2, 3, 2, 3, 5]7
[0, 2, 0, 2, 3, 5]7
[0, 2, 3, 2, 3, 5]7
[0, 2, 3, 2, 3, 5]7
[0, 2, 0, 2, 3, 5]7
[0, 2, 3, 2, 3, 5]7
[0, 2, 3, 2, 3, 5]7
[0, 2, 0, 2, 3, 5]7
[0, 2, 3, 2, 3, 5]7
[0, 2, 3, 2, 3, 5]7
[0, 2, 3, 2, 3, 5]7
[0, 2, 0, 2, 3, 5]7
[0, 2, 3, 2, 3, 5]7
[0, 2, 3, 2, 3, 5]7
[0, 2, 3, 2, 3, 5]7
[0, 2, 3, 2, 3, 5]7
[0, 2, 3, 2, 3, 5]7
[0, 2, 3, 2, 3, 5]7
[0, 2, 0, 2, 3, 5]7
[0, 2, 0, 2, 3, 5]7
[0, 2, 3, 2, 3, 5]7
[0, 2, 3, 2, 3, 5]7
[0, 2, 0, 2, 3, 5]7
[0, 2, 3, 2, 3, 5]7
[0, 2, 3, 2, 3, 5]7
[0, 2, 3, 2, 3, 5]7
[0, 2, 0, 2, 3, 5]7
[0, 2, 3, 2, 3, 5]7
[0, 2, 0, 2, 3, 5]7
[0, 2, 3, 2, 3, 5]7
[0, 2, 0, 2, 3, 5]7
[0, 2, 3, 2, 3, 5]7
[0, 2, 3, 2, 3, 5]7
[0, 2, 3, 2, 3, 5]7
[0, 2, 3, 2, 3, 5]7
[0, 2, 3, 2, 3, 5]7
[0, 2, 0, 2, 3, 5]7
[0, 2, 0, 2, 3, 5]7
[0, 2, 3, 2, 3, 5]7
[0, 2, 3, 2, 3, 5]7
[0, 2, 3, 2, 3, 5]7
[0, 2, 0, 2, 3, 5]7
[0, 2, 3, 2, 3, 5]7
[0, 2, 1, 2, 3, 5]9
[0, 2, 3, 2, 3, 5]7
[0, 2, 3, 2, 3, 5]7
[0, 2, 0, 2, 3, 5]7
[0, 2, 3, 2, 3, 5]7
[0, 2, 3, 2, 3, 5]7
[0, 2, 3, 2, 3, 5]7
[0, 2, 3, 2, 3, 5]7
[0, 2, 3, 2, 3, 5]7
[0, 2, 3, 2, 3, 5]7
[0, 2, 3, 2, 3, 5]7
[0, 2, 3, 2, 3, 5]7
[0, 2, 3, 2, 3, 5]7
[0, 0, 3, 2, 3, 5]inf
[0, 2, 0, 2, 3, 5]7
[0, 2, 3, 2, 3, 5]7
[0, 2, 3, 2, 3, 5]7
[0, 2, 3, 2, 3, 5]7
[0, 2, 3, 2, 3, 5]7
[0, 2, 3, 2, 3, 5]7
[0, 2, 1, 2, 3, 5]9
[0, 2, 0, 2, 3, 5]7
[0, 2, 3, 2, 3, 5]7
[0, 2, 0, 2, 4, 5]inf
[0, 2, 3, 2, 3, 5]7
[0, 2, 3, 2, 3, 5]7
[0, 2, 3, 2, 4, 5]inf
[0, 2, 0, 2, 3, 5]7
[0, 2, 3, 2, 3, 5]7
[0, 2, 0, 2, 3, 5]7
[0, 2, 3, 0, 3, 5]inf
[0, 2, 0, 2, 3, 5]7
[0, 2, 3, 2, 3, 5]7
[0, 2, 3, 2, 3, 5]7

Geração:19
[0, 2, 3, 2, 3, 5]7
[0, 2, 3, 2, 3, 5]7
[0, 2, 0, 2, 1, 5]inf
[0, 2, 3, 2, 3, 5]7
[0, 2, 3, 2, 3, 5]7
[0, 2, 0, 2, 3, 5]7
[0, 2, 0, 2, 3, 5]7
[0, 2, 3, 2, 3, 5]7
[0, 2, 3, 2, 3, 5]7
[0, 2, 3, 2, 3, 5]7
[0, 2, 0, 2, 3, 5]7
[0, 2, 0, 2, 3, 5]7
[0, 2, 1, 2, 3, 5]9
[0, 2, 3, 3, 3, 5]inf
[0, 2, 3, 2, 3, 5]7
[0, 2, 0, 2, 3, 5]7
[0, 2, 3, 2, 3, 5]7
[0, 2, 0, 2, 3, 5]7
[0, 2, 3, 2, 3, 5]7
[0, 2, 3, 2, 3, 5]7
[0, 2, 3, 2, 3, 5]7
[0, 2, 3, 2, 3, 5]7
[0, 2, 0, 2, 3, 5]7
[0, 2, 0, 2, 3, 5]7
[0, 2, 0, 2, 3, 5]7
[0, 2, 3, 2, 3, 5]7
[0, 2, 3, 2, 3, 5]7
[0, 2, 3, 2, 3, 5]7
[0, 2, 3, 2, 3, 5]7
[0, 2, 1, 2, 3, 5]9
[0, 2, 0, 2, 3, 5]7
[0, 2, 0, 2, 3, 5]7
[0, 2, 3, 2, 3, 5]7
[0, 2, 3, 2, 3, 5]7
[0, 2, 0, 2, 3, 5]7
[0, 2, 3, 2, 3, 5]7
[0, 2, 5, 2, 3, 5]inf
[0, 2, 0, 2, 3, 5]7
[0, 2, 3, 2, 3, 5]7
[0, 2, 3, 2, 3, 5]7
[0, 2, 0, 2, 3, 5]7
[0, 2, 3, 2, 3, 5]7
[0, 2, 3, 2, 3, 5]7
[0, 2, 3, 2, 3, 5]7
[0, 2, 3, 2, 3, 5]7
[0, 2, 0, 2, 3, 5]7
[0, 2, 3, 2, 3, 5]7
[0, 2, 3, 2, 3, 5]7
[0, 2, 3, 2, 3, 5]7
[0, 2, 0, 2, 3, 5]7
[0, 2, 0, 2, 3, 5]7
[0, 2, 3, 2, 3, 5]7
[0, 2, 0, 2, 3, 5]7
[0, 2, 3, 2, 3, 5]7
[0, 2, 3, 2, 3, 5]7
[0, 2, 3, 2, 3, 5]7
[0, 2, 3, 2, 3, 5]7
[0, 2, 0, 2, 3, 5]7
[0, 2, 3, 2, 3, 5]7
[0, 2, 3, 2, 3, 5]7
[0, 2, 0, 2, 3, 5]7
[0, 2, 0, 2, 3, 5]7
[0, 2, 3, 2, 3, 5]7
[0, 2, 3, 2, 3, 5]7
[0, 2, 3, 2, 3, 5]7
[0, 2, 0, 2, 3, 5]7
[0, 2, 3, 2, 3, 5]7
[0, 2, 3, 2, 3, 5]7
[0, 2, 3, 2, 3, 5]7
[0, 2, 0, 2, 3, 5]7
[0, 2, 0, 2, 3, 5]7
[0, 2, 0, 2, 3, 5]7
[0, 2, 0, 2, 3, 5]7
[0, 3, 3, 2, 3, 5]inf
[0, 2, 0, 2, 3, 5]7
[0, 2, 0, 2, 3, 5]7
[0, 2, 0, 2, 3, 5]7
[0, 2, 0, 2, 3, 5]7
[0, 2, 3, 2, 3, 5]7
[0, 2, 3, 2, 3, 5]7
[0, 2, 3, 2, 3, 5]7
[0, 2, 3, 2, 3, 5]7
[0, 2, 3, 2, 3, 5]7
[0, 2, 0, 2, 3, 5]7
[0, 2, 3, 2, 3, 5]7
[0, 2, 3, 2, 3, 5]7
[0, 2, 3, 2, 3, 5]7
[0, 2, 3, 2, 3, 5]7
[0, 2, 3, 2, 3, 5]7
[0, 2, 3, 2, 3, 5]7
[0, 2, 3, 2, 3, 5]7
[0, 2, 0, 2, 3, 5]7
[0, 2, 3, 2, 3, 5]7
[0, 2, 3, 2, 3, 5]7
[0, 2, 0, 2, 3, 5]7
[0, 2, 3, 2, 3, 5]7
[0, 2, 3, 2, 3, 5]7
[0, 2, 3, 2, 3, 5]7
[0, 2, 0, 2, 3, 5]7
[0, 2, 0, 2, 3, 5]7

Geração:20
[0, 2, 3, 2, 3, 5]7
[0, 2, 0, 2, 3, 5]7
[0, 2, 3, 2, 3, 5]7
[0, 2, 3, 2, 3, 5]7
[0, 2, 3, 0, 3, 5]inf
[0, 2, 3, 5, 3, 5]11
[0, 2, 3, 2, 3, 5]7
[0, 2, 3, 2, 3, 5]7
[0, 2, 3, 2, 3, 5]7
[0, 2, 0, 2, 3, 5]7
[0, 2, 3, 2, 3, 5]7
[0, 2, 3, 2, 3, 5]7
[0, 2, 3, 2, 3, 5]7
[0, 2, 3, 2, 3, 5]7
[0, 2, 3, 2, 3, 5]7
[0, 2, 3, 2, 3, 5]7
[0, 2, 3, 2, 3, 5]7
[0, 2, 3, 2, 3, 5]7
[0, 2, 3, 2, 3, 5]7
[0, 2, 0, 2, 3, 5]7
[0, 2, 0, 2, 3, 5]7
[0, 2, 3, 2, 3, 5]7
[0, 2, 3, 2, 3, 5]7
[0, 2, 0, 2, 3, 5]7
[0, 2, 0, 2, 3, 5]7
[0, 2, 3, 2, 3, 5]7
[0, 2, 3, 2, 3, 5]7
[0, 2, 3, 2, 3, 5]7
[0, 2, 0, 2, 3, 5]7
[0, 2, 3, 2, 3, 5]7
[0, 2, 3, 2, 3, 5]7
[0, 5, 0, 2, 3, 5]23
[0, 2, 0, 2, 3, 5]7
[0, 2, 3, 2, 3, 5]7
[0, 2, 0, 2, 3, 5]7
[0, 2, 3, 2, 3, 5]7
[0, 2, 3, 2, 3, 5]7
[0, 2, 3, 2, 3, 5]7
[0, 2, 0, 2, 3, 5]7
[0, 5, 3, 2, 3, 5]17
[0, 2, 0, 2, 3, 5]7
[0, 2, 3, 2, 3, 5]7
[0, 2, 3, 2, 3, 5]7
[0, 2, 3, 2, 3, 5]7
[0, 2, 0, 2, 3, 5]7
[0, 2, 3, 2, 3, 5]7
[0, 2, 0, 2, 3, 5]7
[0, 2, 3, 2, 3, 5]7
[0, 2, 3, 2, 3, 5]7
[0, 2, 3, 2, 3, 5]7
[0, 2, 0, 2, 3, 5]7
[0, 2, 3, 2, 3, 5]7
[0, 2, 3, 2, 3, 5]7
[0, 2, 3, 2, 3, 5]7
[0, 2, 0, 2, 3, 5]7
[0, 2, 3, 2, 3, 5]7
[0, 2, 0, 2, 3, 5]7
[0, 2, 3, 2, 3, 5]7
[0, 2, 0, 2, 3, 5]7
[0, 2, 0, 4, 3, 5]inf
[0, 2, 3, 2, 3, 5]7
[0, 2, 3, 2, 3, 5]7
[0, 2, 3, 2, 3, 5]7
[0, 2, 0, 2, 3, 5]7
[0, 2, 0, 2, 3, 5]7
[0, 2, 0, 2, 3, 5]7
[0, 2, 3, 2, 3, 5]7
[0, 2, 0, 0, 3, 5]inf
[0, 2, 3, 2, 3, 5]7
[0, 2, 0, 2, 3, 5]7
[0, 2, 0, 2, 3, 5]7
[0, 2, 3, 2, 3, 5]7
[0, 2, 0, 2, 3, 5]7
[0, 2, 0, 2, 3, 5]7
[0, 2, 3, 2, 3, 5]7
[0, 2, 3, 2, 3, 5]7
[0, 2, 3, 2, 3, 5]7
[0, 2, 3, 2, 3, 5]7
[0, 2, 3, 2, 3, 5]7
[0, 2, 3, 2, 3, 5]7
[0, 2, 3, 2, 3, 5]7
[0, 2, 3, 2, 3, 5]7
[0, 2, 3, 2, 3, 5]7
[0, 2, 3, 2, 3, 5]7
[0, 2, 0, 2, 3, 5]7
[0, 2, 3, 2, 3, 5]7
[0, 2, 0, 2, 3, 5]7
[0, 2, 3, 2, 3, 5]7
[0, 2, 3, 2, 3, 5]7
[0, 2, 3, 2, 3, 5]7
[0, 2, 0, 2, 3, 5]7
[0, 2, 3, 2, 3, 5]7
[0, 2, 3, 2, 3, 5]7
[0, 2, 0, 2, 3, 5]7
[0, 2, 0, 2, 3, 5]7
[0, 2, 0, 2, 3, 5]7
[0, 2, 3, 2, 3, 5]7
[0, 2, 0, 2, 3, 5]7
[0, 2, 3, 2, 3, 5]7
[0, 2, 3, 2, 3, 5]7

Geração:21
[0, 2, 0, 2, 3, 5]7
[0, 2, 3, 2, 3, 5]7
[0, 2, 3, 2, 3, 5]7
[0, 2, 0, 2, 3, 5]7
[0, 2, 3, 2, 3, 5]7
[0, 2, 0, 2, 3, 5]7
[0, 2, 3, 2, 3, 5]7
[0, 2, 3, 2, 3, 5]7
[0, 2, 0, 2, 3, 5]7
[0, 2, 3, 2, 3, 5]7
[0, 2, 0, 2, 3, 5]7
[0, 2, 3, 2, 3, 5]7
[0, 2, 3, 2, 3, 5]7
[0, 2, 3, 5, 3, 5]11
[0, 2, 3, 2, 3, 5]7
[0, 2, 3, 5, 3, 5]11
[0, 2, 0, 2, 3, 5]7
[0, 2, 3, 2, 3, 5]7
[0, 2, 3, 2, 3, 5]7
[0, 2, 3, 2, 3, 5]7
[0, 2, 3, 2, 2, 5]inf
[0, 2, 3, 2, 3, 5]7
[0, 2, 3, 2, 3, 5]7
[0, 2, 3, 2, 3, 5]7
[0, 2, 0, 2, 3, 5]7
[0, 2, 3, 2, 3, 5]7
[0, 2, 3, 2, 3, 5]7
[0, 2, 3, 2, 3, 5]7
[0, 2, 3, 2, 3, 5]7
[0, 2, 3, 2, 3, 5]7
[0, 2, 0, 2, 3, 5]7
[0, 2, 3, 2, 3, 5]7
[0, 2, 3, 2, 3, 5]7
[0, 2, 3, 2, 3, 5]7
[0, 2, 0, 2, 3, 5]7
[0, 2, 3, 2, 3, 5]7
[0, 2, 0, 2, 3, 5]7
[0, 2, 3, 2, 3, 5]7
[0, 2, 3, 2, 3, 5]7
[0, 5, 0, 2, 3, 5]23
[0, 2, 3, 2, 3, 5]7
[0, 2, 3, 2, 3, 5]7
[0, 2, 3, 2, 3, 5]7
[0, 2, 1, 2, 3, 5]9
[0, 2, 0, 2, 3, 5]7
[0, 2, 3, 2, 3, 5]7
[0, 2, 0, 2, 3, 5]7
[0, 2, 3, 2, 3, 5]7
[0, 2, 3, 2, 0, 5]13
[0, 2, 3, 2, 3, 5]7
[0, 2, 3, 2, 3, 5]7
[0, 2, 0, 2, 3, 5]7
[0, 2, 3, 2, 3, 5]7
[0, 2, 0, 2, 3, 5]7
[0, 2, 0, 2, 3, 5]7
[0, 2, 3, 2, 3, 5]7
[0, 2, 3, 2, 3, 5]7
[0, 2, 3, 2, 3, 5]7
[0, 2, 3, 2, 3, 5]7
[0, 2, 0, 2, 3, 5]7
[0, 2, 3, 2, 3, 5]7
[0, 2, 3, 2, 3, 5]7
[0, 2, 3, 2, 3, 5]7
[0, 2, 0, 2, 3, 5]7
[0, 2, 0, 2, 3, 5]7
[0, 2, 3, 2, 3, 5]7
[0, 2, 3, 2, 3, 5]7
[0, 2, 0, 2, 3, 5]7
[0, 2, 3, 2, 3, 5]7
[0, 2, 3, 2, 3, 5]7
[0, 2, 0, 2, 3, 5]7
[0, 2, 0, 2, 3, 5]7
[0, 2, 0, 2, 3, 5]7
[0, 2, 3, 2, 3, 5]7
[0, 2, 3, 2, 3, 5]7
[0, 2, 0, 2, 3, 5]7
[0, 2, 3, 2, 3, 5]7
[0, 2, 3, 2, 3, 5]7
[0, 2, 3, 2, 3, 5]7
[0, 2, 3, 2, 3, 5]7
[0, 2, 3, 2, 3, 5]7
[0, 2, 3, 2, 3, 5]7
[0, 2, 3, 5, 3, 5]11
[0, 2, 3, 2, 3, 5]7
[0, 2, 0, 2, 3, 5]7
[0, 2, 3, 2, 3, 5]7
[0, 0, 3, 2, 3, 5]inf
[0, 2, 3, 2, 3, 5]7
[0, 2, 0, 2, 3, 5]7
[0, 2, 0, 2, 3, 5]7
[0, 2, 0, 5, 3, 5]17
[0, 2, 3, 2, 3, 5]7
[0, 2, 3, 2, 3, 5]7
[0, 2, 3, 2, 3, 5]7
[0, 2, 3, 2, 3, 5]7
[0, 2, 3, 2, 3, 5]7
[0, 2, 0, 2, 3, 5]7
[0, 2, 3, 2, 3, 5]7
[0, 2, 3, 2, 3, 5]7
[0, 2, 3, 2, 3, 5]7

Geração:22
[0, 2, 3, 2, 3, 5]7
[0, 2, 0, 2, 3, 5]7
[0, 2, 3, 2, 3, 5]7
[0, 2, 0, 5, 3, 5]17
[0, 2, 0, 2, 3, 5]7
[0, 2, 3, 2, 3, 5]7
[0, 2, 3, 2, 3, 5]7
[0, 2, 0, 2, 3, 5]7
[0, 2, 3, 2, 3, 5]7
[0, 2, 3, 2, 3, 5]7
[0, 2, 3, 2, 3, 5]7
[0, 2, 3, 2, 3, 5]7
[0, 2, 3, 2, 3, 5]7
[0, 2, 3, 2, 3, 5]7
[0, 2, 3, 2, 3, 5]7
[0, 2, 3, 2, 3, 5]7
[0, 2, 3, 2, 3, 5]7
[0, 2, 1, 2, 3, 5]9
[0, 2, 3, 2, 3, 5]7
[0, 2, 0, 2, 3, 5]7
[0, 2, 0, 5, 3, 5]17
[0, 2, 3, 2, 3, 5]7
[0, 2, 3, 2, 3, 5]7
[0, 2, 3, 2, 3, 5]7
[0, 2, 3, 2, 3, 5]7
[0, 2, 0, 2, 3, 5]7
[0, 2, 3, 2, 3, 5]7
[0, 2, 3, 2, 3, 5]7
[0, 2, 3, 2, 3, 5]7
[0, 2, 0, 2, 3, 5]7
[0, 2, 3, 2, 3, 5]7
[0, 2, 3, 2, 3, 5]7
[0, 2, 3, 2, 3, 5]7
[0, 2, 3, 2, 3, 5]7
[0, 2, 1, 2, 3, 5]9
[0, 2, 0, 2, 3, 5]7
[0, 2, 3, 2, 3, 5]7
[0, 2, 3, 2, 3, 5]7
[0, 2, 0, 2, 3, 5]7
[0, 2, 3, 2, 3, 5]7
[0, 2, 0, 2, 3, 5]7
[0, 2, 3, 2, 3, 5]7
[0, 2, 0, 2, 2, 5]inf
[0, 2, 3, 2, 3, 5]7
[0, 2, 3, 2, 3, 5]7
[0, 2, 3, 2, 3, 5]7
[0, 2, 3, 2, 3, 5]7
[0, 2, 0, 2, 3, 5]7
[0, 2, 0, 2, 3, 5]7
[0, 2, 3, 2, 3, 5]7
[0, 2, 3, 2, 3, 5]7
[0, 2, 0, 2, 3, 5]7
[0, 2, 3, 2, 3, 5]7
[0, 2, 3, 2, 3, 5]7
[0, 2, 3, 2, 3, 5]7
[0, 2, 3, 2, 3, 5]7
[0, 2, 3, 2, 3, 5]7
[0, 2, 3, 2, 3, 5]7
[0, 2, 3, 2, 3, 5]7
[0, 2, 3, 2, 3, 5]7
[0, 2, 3, 2, 3, 5]7
[0, 2, 3, 2, 3, 5]7
[0, 2, 3, 2, 3, 5]7
[0, 2, 3, 2, 3, 5]7
[0, 2, 3, 2, 3, 5]7
[0, 2, 0, 2, 3, 5]7
[0, 2, 0, 2, 3, 5]7
[0, 2, 3, 2, 3, 5]7
[0, 2, 3, 2, 3, 5]7
[0, 2, 3, 2, 3, 5]7
[0, 2, 3, 2, 3, 5]7
[0, 2, 3, 2, 3, 5]7
[0, 2, 3, 2, 3, 5]7
[0, 2, 3, 2, 3, 5]7
[0, 2, 3, 2, 3, 5]7
[0, 2, 3, 2, 3, 5]7
[0, 2, 0, 2, 3, 5]7
[0, 2, 3, 2, 3, 5]7
[0, 2, 3, 2, 3, 5]7
[0, 2, 0, 2, 3, 5]7
[0, 2, 0, 2, 3, 5]7
[0, 2, 3, 2, 3, 5]7
[0, 2, 3, 2, 3, 5]7
[0, 2, 3, 2, 3, 5]7
[0, 2, 3, 2, 3, 5]7
[0, 2, 3, 5, 3, 5]11
[0, 2, 3, 2, 3, 5]7
[0, 2, 3, 2, 3, 5]7
[0, 2, 3, 2, 3, 5]7
[0, 2, 3, 2, 3, 5]7
[0, 2, 3, 2, 3, 5]7
[0, 2, 3, 2, 3, 5]7
[0, 2, 3, 2, 3, 5]7
[0, 2, 0, 2, 3, 5]7
[0, 2, 3, 2, 3, 5]7
[0, 2, 0, 2, 3, 5]7
[0, 2, 5, 2, 3, 5]inf
[0, 2, 3, 2, 3, 5]7
[0, 2, 0, 2, 3, 5]7
[0, 2, 3, 2, 3, 5]7

Geração:23
[0, 2, 3, 2, 3, 5]7
[0, 2, 0, 2, 3, 5]7
[0, 2, 0, 2, 3, 5]7
[0, 2, 3, 2, 3, 5]7
[0, 2, 3, 2, 3, 5]7
[0, 2, 3, 2, 3, 5]7
[0, 2, 3, 2, 3, 5]7
[0, 2, 3, 2, 3, 5]7
[0, 2, 3, 2, 3, 5]7
[0, 2, 3, 2, 3, 5]7
[0, 2, 0, 2, 3, 5]7
[0, 2, 3, 2, 3, 5]7
[0, 2, 3, 2, 3, 5]7
[0, 2, 3, 2, 3, 5]7
[0, 2, 3, 2, 3, 5]7
[0, 2, 0, 2, 3, 5]7
[0, 2, 3, 2, 3, 5]7
[0, 2, 3, 2, 3, 5]7
[0, 2, 3, 2, 3, 5]7
[0, 2, 0, 2, 3, 5]7
[0, 2, 3, 2, 3, 5]7
[0, 2, 3, 2, 3, 5]7
[0, 2, 3, 2, 3, 5]7
[0, 2, 0, 2, 3, 5]7
[0, 2, 0, 2, 3, 5]7
[0, 2, 3, 2, 3, 5]7
[0, 2, 0, 2, 3, 5]7
[0, 2, 3, 2, 3, 5]7
[0, 2, 3, 2, 3, 5]7
[0, 2, 3, 2, 3, 5]7
[0, 2, 0, 2, 3, 5]7
[0, 2, 3, 2, 3, 5]7
[0, 2, 3, 2, 3, 5]7
[0, 2, 3, 2, 3, 5]7
[0, 2, 3, 2, 3, 5]7
[0, 2, 0, 2, 3, 5]7
[0, 2, 0, 2, 3, 5]7
[0, 2, 0, 2, 3, 5]7
[0, 2, 3, 2, 3, 5]7
[0, 2, 3, 2, 3, 5]7
[0, 2, 0, 2, 3, 5]7
[0, 2, 3, 2, 3, 5]7
[0, 2, 0, 2, 3, 5]7
[0, 2, 3, 2, 3, 5]7
[0, 2, 0, 2, 3, 5]7
[0, 2, 3, 2, 3, 5]7
[0, 2, 3, 5, 3, 5]11
[0, 2, 0, 2, 3, 5]7
[0, 2, 3, 2, 3, 5]7
[0, 2, 3, 1, 3, 5]inf
[0, 2, 1, 2, 3, 5]9
[0, 3, 3, 2, 3, 5]inf
[0, 2, 3, 2, 3, 5]7
[0, 2, 3, 2, 3, 5]7
[0, 2, 0, 2, 3, 5]7
[0, 2, 0, 2, 3, 5]7
[0, 2, 0, 2, 3, 5]7
[0, 2, 3, 2, 3, 5]7
[0, 2, 3, 2, 3, 5]7
[0, 2, 3, 2, 3, 5]7
[0, 2, 3, 2, 3, 5]7
[0, 2, 3, 2, 3, 5]7
[0, 2, 3, 2, 3, 5]7
[0, 2, 3, 2, 3, 5]7
[0, 2, 3, 2, 3, 5]7
[0, 2, 3, 2, 3, 5]7
[0, 2, 1, 2, 3, 5]9
[0, 2, 0, 2, 3, 5]7
[0, 2, 0, 2, 3, 5]7
[0, 2, 3, 2, 3, 5]7
[0, 2, 3, 2, 3, 5]7
[0, 2, 0, 2, 3, 5]7
[0, 2, 0, 2, 3, 5]7
[0, 2, 0, 2, 3, 5]7
[0, 2, 3, 2, 3, 5]7
[0, 2, 3, 2, 3, 5]7
[0, 2, 0, 2, 3, 5]7
[0, 2, 3, 2, 3, 5]7
[0, 2, 3, 2, 3, 5]7
[0, 2, 0, 2, 3, 5]7
[0, 2, 3, 2, 3, 5]7
[0, 2, 3, 2, 3, 5]7
[0, 2, 3, 2, 3, 5]7
[0, 2, 3, 2, 3, 5]7
[0, 2, 3, 2, 3, 5]7
[0, 2, 0, 2, 3, 5]7
[0, 2, 3, 2, 3, 5]7
[0, 2, 3, 2, 3, 5]7
[0, 2, 3, 2, 3, 5]7
[0, 2, 3, 2, 3, 5]7
[0, 2, 3, 2, 3, 5]7
[0, 2, 3, 2, 3, 5]7
[0, 2, 3, 2, 3, 5]7
[0, 2, 0, 2, 3, 5]7
[0, 2, 3, 2, 3, 5]7
[0, 2, 0, 2, 3, 5]7
[0, 2, 3, 2, 3, 5]7
[0, 2, 3, 2, 3, 5]7
[0, 2, 3, 2, 3, 5]7
[0, 2, 3, 2, 3, 5]7

Geração:24
[0, 2, 3, 2, 3, 5]7
[0, 2, 1, 2, 3, 5]9
[0, 2, 3, 2, 3, 5]7
[0, 2, 0, 2, 3, 5]7
[0, 2, 3, 2, 3, 5]7
[0, 2, 3, 2, 3, 5]7
[0, 2, 0, 2, 3, 5]7
[0, 2, 0, 2, 3, 5]7
[0, 2, 3, 2, 3, 5]7
[0, 2, 3, 2, 3, 5]7
[0, 2, 3, 2, 3, 5]7
[0, 2, 0, 2, 3, 5]7
[0, 2, 0, 2, 3, 5]7
[0, 2, 0, 3, 3, 5]inf
[0, 2, 3, 2, 3, 5]7
[0, 2, 3, 2, 3, 5]7
[0, 2, 3, 2, 3, 5]7
[0, 2, 3, 2, 3, 5]7
[0, 2, 3, 2, 3, 5]7
[0, 2, 0, 2, 3, 5]7
[0, 2, 3, 2, 3, 5]7
[0, 2, 3, 2, 3, 5]7
[0, 2, 3, 2, 3, 5]7
[0, 2, 0, 2, 3, 5]7
[0, 2, 3, 2, 3, 5]7
[0, 2, 3, 3, 3, 5]inf
[0, 2, 3, 2, 3, 5]7
[0, 2, 3, 2, 3, 5]7
[0, 2, 3, 2, 3, 5]7
[0, 2, 3, 2, 3, 5]7
[0, 2, 0, 2, 3, 5]7
[0, 2, 0, 2, 3, 5]7
[0, 2, 0, 2, 3, 5]7
[0, 2, 3, 2, 3, 5]7
[0, 2, 3, 2, 3, 5]7
[0, 2, 3, 2, 3, 5]7
[0, 2, 0, 2, 3, 5]7
[0, 2, 0, 2, 3, 5]7
[0, 2, 3, 2, 3, 5]7
[0, 2, 3, 2, 3, 5]7
[0, 2, 3, 2, 3, 5]7
[0, 2, 3, 2, 5, 5]inf
[0, 2, 3, 2, 3, 5]7
[0, 2, 3, 2, 3, 5]7
[0, 2, 0, 2, 3, 5]7
[0, 2, 0, 2, 3, 5]7
[0, 2, 3, 2, 3, 5]7
[0, 2, 3, 2, 3, 5]7
[0, 2, 3, 2, 3, 5]7
[0, 2, 0, 2, 3, 5]7
[0, 2, 3, 2, 3, 5]7
[0, 2, 3, 2, 3, 5]7
[0, 2, 3, 2, 3, 5]7
[0, 2, 3, 2, 3, 5]7
[0, 2, 3, 2, 3, 5]7
[0, 2, 3, 2, 3, 5]7
[0, 2, 0, 2, 3, 5]7
[0, 2, 3, 2, 3, 5]7
[0, 2, 3, 2, 3, 5]7
[0, 2, 3, 2, 3, 5]7
[0, 2, 3, 2, 3, 5]7
[0, 2, 3, 2, 3, 5]7
[0, 2, 3, 2, 3, 5]7
[0, 2, 3, 2, 3, 5]7
[0, 2, 0, 2, 3, 5]7
[0, 2, 0, 2, 3, 5]7
[0, 2, 3, 2, 3, 5]7
[0, 2, 3, 2, 3, 5]7
[0, 2, 3, 2, 3, 5]7
[0, 2, 0, 2, 3, 5]7
[0, 2, 3, 2, 3, 5]7
[0, 2, 3, 2, 3, 5]7
[0, 2, 3, 2, 3, 5]7
[0, 2, 3, 2, 3, 5]7
[0, 2, 3, 2, 3, 5]7
[0, 2, 0, 2, 3, 5]7
[0, 2, 3, 0, 3, 5]inf
[0, 2, 3, 2, 3, 5]7
[0, 2, 3, 2, 3, 5]7
[0, 2, 3, 5, 3, 5]11
[0, 2, 3, 2, 3, 5]7
[0, 2, 3, 2, 3, 5]7
[0, 2, 3, 2, 3, 5]7
[0, 2, 3, 2, 3, 5]7
[0, 2, 3, 2, 3, 5]7
[0, 2, 3, 2, 3, 5]7
[0, 2, 3, 2, 3, 5]7
[0, 2, 3, 5, 3, 5]11
[0, 2, 0, 2, 3, 5]7
[0, 2, 3, 2, 3, 5]7
[0, 2, 3, 2, 3, 5]7
[0, 2, 3, 2, 3, 5]7
[0, 2, 3, 2, 3, 5]7
[0, 2, 3, 2, 3, 5]7
[0, 2, 0, 2, 3, 5]7
[0, 2, 3, 2, 3, 5]7
[0, 2, 3, 2, 3, 5]7
[0, 2, 0, 2, 3, 5]7
[0, 2, 0, 2, 3, 5]7
[0, 2, 3, 2, 3, 5]7

Geração:25
[0, 2, 1, 2, 3, 5]9
[0, 2, 3, 2, 3, 5]7
[0, 2, 3, 2, 3, 5]7
[0, 2, 3, 2, 3, 5]7
[0, 1, 0, 2, 3, 5]7
[0, 2, 0, 2, 3, 5]7
[0, 2, 0, 2, 3, 5]7
[0, 2, 3, 2, 3, 5]7
[0, 2, 3, 2, 3, 5]7
[0, 2, 0, 2, 3, 5]7
[0, 2, 3, 2, 3, 5]7
[0, 2, 3, 2, 3, 5]7
[0, 2, 3, 2, 3, 5]7
[0, 2, 3, 2, 3, 5]7
[0, 2, 3, 2, 3, 5]7
[0, 2, 0, 2, 3, 5]7
[0, 2, 3, 2, 3, 5]7
[0, 2, 1, 2, 3, 5]9
[0, 2, 3, 2, 3, 5]7
[0, 2, 3, 2, 3, 5]7
[0, 2, 0, 2, 3, 5]7
[0, 2, 3, 2, 3, 5]7
[0, 2, 3, 2, 3, 5]7
[0, 2, 3, 2, 3, 5]7
[0, 2, 3, 2, 3, 5]7
[0, 2, 0, 2, 3, 5]7
[0, 2, 0, 2, 3, 5]7
[0, 2, 3, 2, 3, 5]7
[0, 2, 3, 2, 3, 5]7
[0, 2, 0, 2, 3, 5]7
[0, 2, 3, 2, 3, 5]7
[0, 2, 0, 2, 3, 5]7
[0, 2, 3, 2, 3, 5]7
[0, 2, 3, 2, 3, 5]7
[0, 2, 3, 2, 3, 5]7
[0, 2, 0, 2, 3, 5]7
[0, 2, 3, 2, 3, 5]7
[0, 2, 0, 2, 3, 5]7
[0, 2, 3, 2, 3, 5]7
[0, 2, 3, 2, 3, 5]7
[0, 2, 3, 2, 3, 5]7
[0, 2, 3, 2, 3, 5]7
[0, 2, 3, 2, 3, 5]7
[0, 2, 0, 1, 3, 5]inf
[0, 2, 3, 2, 3, 5]7
[0, 2, 3, 2, 3, 5]7
[0, 2, 3, 2, 3, 5]7
[0, 2, 3, 2, 3, 5]7
[0, 2, 3, 2, 3, 5]7
[0, 2, 0, 2, 3, 5]7
[0, 2, 0, 2, 3, 5]7
[0, 2, 0, 2, 3, 5]7
[0, 3, 3, 2, 3, 5]inf
[0, 2, 0, 2, 3, 5]7
[0, 2, 0, 2, 3, 5]7
[0, 2, 3, 2, 3, 5]7
[0, 2, 3, 2, 3, 5]7
[0, 2, 3, 2, 3, 5]7
[0, 2, 3, 2, 3, 5]7
[0, 2, 3, 2, 3, 5]7
[0, 2, 3, 2, 3, 5]7
[0, 2, 3, 2, 3, 5]7
[0, 2, 0, 2, 3, 5]7
[0, 2, 0, 2, 3, 5]7
[0, 2, 0, 2, 3, 5]7
[0, 2, 0, 2, 3, 5]7
[0, 2, 3, 2, 3, 5]7
[0, 2, 3, 2, 3, 5]7
[0, 2, 3, 2, 3, 5]7
[0, 2, 3, 2, 3, 5]7
[0, 2, 3, 2, 3, 5]7
[0, 2, 3, 2, 3, 5]7
[0, 2, 3, 2, 5, 5]inf
[0, 2, 3, 2, 3, 5]7
[0, 2, 3, 2, 3, 5]7
[0, 2, 0, 2, 3, 5]7
[0, 2, 3, 2, 3, 5]7
[0, 2, 0, 2, 3, 5]7
[0, 0, 3, 2, 3, 5]inf
[0, 2, 0, 2, 3, 5]7
[0, 2, 0, 2, 3, 5]7
[0, 2, 3, 2, 3, 5]7
[0, 2, 3, 4, 3, 5]13
[0, 2, 3, 2, 3, 5]7
[0, 2, 0, 2, 3, 5]7
[0, 2, 3, 2, 3, 5]7
[0, 2, 0, 2, 3, 5]7
[0, 2, 3, 2, 3, 5]7
[0, 2, 3, 2, 3, 5]7
[0, 2, 3, 2, 3, 5]7
[0, 2, 3, 2, 3, 5]7
[0, 2, 3, 2, 3, 5]7
[0, 2, 0, 2, 3, 5]7
[0, 2, 3, 2, 3, 5]7
[0, 2, 3, 2, 3, 5]7
[0, 2, 3, 2, 3, 5]7
[0, 2, 3, 2, 3, 5]7
[0, 2, 0, 2, 3, 5]7
[0, 2, 0, 2, 3, 5]7
[0, 2, 3, 2, 3, 5]7

Geração:26
[0, 2, 3, 2, 3, 5]7
[0, 2, 0, 2, 3, 5]7
[0, 2, 3, 2, 3, 5]7
[0, 2, 0, 2, 3, 5]7
[0, 2, 3, 2, 3, 5]7
[0, 2, 3, 2, 3, 5]7
[0, 2, 3, 2, 3, 5]7
[0, 2, 0, 2, 3, 5]7
[0, 2, 0, 2, 3, 5]7
[0, 2, 3, 2, 3, 5]7
[0, 2, 0, 2, 3, 5]7
[0, 2, 3, 2, 3, 5]7
[0, 2, 0, 2, 3, 5]7
[0, 2, 3, 2, 3, 5]7
[0, 2, 3, 4, 3, 5]13
[0, 2, 3, 2, 3, 5]7
[0, 2, 3, 2, 3, 5]7
[0, 2, 3, 2, 3, 5]7
[0, 2, 3, 2, 3, 5]7
[0, 2, 3, 2, 3, 5]7
[0, 2, 0, 2, 3, 5]7
[0, 2, 3, 2, 3, 5]7
[0, 2, 0, 2, 3, 5]7
[0, 2, 3, 2, 3, 5]7
[0, 2, 3, 2, 3, 5]7
[0, 2, 3, 2, 3, 5]7
[0, 2, 3, 2, 3, 5]7
[0, 1, 3, 2, 3, 5]inf
[0, 2, 3, 2, 3, 5]7
[0, 2, 3, 2, 3, 5]7
[0, 2, 3, 2, 3, 5]7
[0, 2, 0, 2, 3, 5]7
[0, 2, 3, 2, 3, 5]7
[0, 2, 3, 2, 3, 5]7
[0, 2, 3, 2, 3, 5]7
[0, 2, 3, 2, 3, 5]7
[0, 2, 3, 2, 3, 5]7
[0, 2, 3, 2, 3, 5]7
[0, 2, 3, 2, 3, 5]7
[0, 2, 0, 2, 3, 5]7
[0, 2, 3, 2, 3, 5]7
[0, 2, 3, 2, 3, 5]7
[0, 2, 0, 2, 3, 5]7
[0, 2, 3, 2, 3, 5]7
[0, 2, 3, 2, 3, 5]7
[0, 2, 3, 2, 3, 5]7
[0, 2, 3, 2, 3, 5]7
[0, 2, 3, 2, 3, 5]7
[0, 2, 3, 2, 3, 5]7
[0, 2, 3, 2, 3, 5]7
[0, 2, 0, 2, 3, 5]7
[0, 2, 3, 2, 3, 5]7
[0, 2, 3, 2, 3, 5]7
[0, 2, 0, 2, 3, 5]7
[0, 2, 3, 2, 3, 5]7
[0, 2, 3, 2, 3, 5]7
[0, 2, 3, 2, 3, 5]7
[0, 2, 3, 2, 3, 5]7
[0, 2, 3, 2, 3, 5]7
[0, 2, 0, 2, 3, 5]7
[0, 2, 3, 2, 3, 5]7
[0, 2, 3, 2, 3, 5]7
[0, 2, 3, 3, 3, 5]inf
[0, 2, 0, 2, 3, 5]7
[0, 2, 3, 5, 3, 5]11
[0, 2, 3, 2, 3, 5]7
[0, 2, 0, 2, 3, 5]7
[0, 2, 3, 2, 3, 5]7
[0, 2, 3, 2, 3, 5]7
[0, 2, 3, 2, 3, 5]7
[0, 2, 0, 2, 3, 5]7
[0, 2, 3, 2, 3, 5]7
[0, 2, 0, 2, 3, 5]7
[0, 2, 3, 2, 3, 5]7
[0, 2, 3, 2, 3, 5]7
[0, 2, 3, 2, 3, 5]7
[0, 2, 3, 2, 3, 5]7
[0, 2, 3, 2, 3, 5]7
[0, 2, 0, 2, 3, 5]7
[0, 2, 3, 2, 3, 5]7
[0, 2, 3, 2, 3, 5]7
[0, 2, 3, 4, 3, 5]13
[0, 2, 0, 2, 3, 5]7
[0, 2, 0, 2, 3, 5]7
[0, 2, 3, 2, 3, 5]7
[0, 1, 0, 2, 3, 5]7
[0, 2, 0, 2, 3, 5]7
[0, 2, 3, 2, 3, 5]7
[0, 2, 0, 2, 3, 5]7
[0, 2, 3, 2, 3, 5]7
[0, 2, 0, 2, 3, 5]7
[0, 2, 3, 2, 3, 5]7
[0, 2, 3, 2, 3, 5]7
[0, 2, 3, 2, 3, 5]7
[0, 2, 3, 2, 3, 5]7
[0, 1, 0, 2, 3, 5]7
[0, 2, 2, 2, 3, 5]inf
[0, 2, 0, 2, 3, 5]7
[0, 2, 0, 2, 3, 5]7
[0, 2, 0, 2, 3, 5]7

Geração:27
[0, 2, 3, 2, 4, 5]inf
[0, 2, 0, 2, 3, 5]7
[0, 2, 3, 2, 3, 5]7
[0, 2, 3, 5, 3, 5]11
[0, 2, 3, 2, 3, 5]7
[0, 2, 3, 2, 3, 5]7
[0, 2, 3, 2, 3, 5]7
[0, 2, 3, 2, 1, 5]inf
[0, 2, 3, 2, 3, 5]7
[0, 2, 3, 2, 3, 5]7
[0, 2, 0, 2, 3, 5]7
[0, 2, 0, 2, 3, 5]7
[0, 2, 3, 2, 3, 5]7
[0, 2, 0, 2, 3, 5]7
[0, 2, 3, 2, 3, 5]7
[0, 2, 3, 2, 3, 5]7
[0, 2, 3, 2, 3, 5]7
[0, 2, 3, 2, 3, 5]7
[0, 2, 3, 2, 3, 5]7
[0, 1, 0, 2, 4, 5]inf
[0, 5, 0, 2, 3, 5]23
[0, 2, 3, 2, 3, 5]7
[0, 2, 0, 2, 3, 5]7
[0, 2, 3, 2, 3, 5]7
[0, 2, 3, 2, 3, 5]7
[0, 2, 3, 2, 3, 5]7
[0, 2, 3, 2, 3, 5]7
[0, 1, 0, 2, 3, 5]7
[0, 2, 3, 2, 3, 5]7
[0, 2, 3, 2, 3, 5]7
[0, 2, 0, 2, 3, 5]7
[0, 2, 3, 2, 3, 5]7
[0, 2, 0, 2, 3, 5]7
[0, 2, 0, 2, 3, 5]7
[0, 2, 3, 2, 3, 5]7
[0, 1, 0, 2, 3, 5]7
[0, 2, 3, 2, 3, 5]7
[0, 2, 3, 2, 3, 5]7
[0, 2, 3, 2, 3, 5]7
[0, 2, 3, 2, 3, 5]7
[0, 2, 0, 2, 3, 5]7
[0, 2, 3, 2, 3, 5]7
[0, 2, 3, 2, 3, 5]7
[0, 2, 0, 2, 3, 5]7
[0, 2, 3, 2, 3, 5]7
[0, 2, 1, 2, 3, 5]9
[0, 2, 3, 2, 3, 5]7
[0, 2, 3, 2, 3, 5]7
[0, 2, 3, 2, 3, 5]7
[0, 2, 3, 2, 3, 5]7
[0, 2, 3, 2, 3, 5]7
[0, 2, 0, 2, 3, 5]7
[0, 2, 0, 2, 3, 5]7
[0, 2, 3, 2, 3, 5]7
[0, 2, 3, 2, 3, 5]7
[0, 2, 3, 4, 3, 5]13
[0, 2, 3, 2, 3, 5]7
[0, 2, 3, 2, 3, 5]7
[0, 2, 5, 2, 3, 5]inf
[0, 2, 0, 2, 3, 5]7
[0, 2, 3, 2, 3, 5]7
[0, 2, 3, 2, 3, 5]7
[0, 2, 3, 2, 3, 5]7
[0, 2, 3, 2, 3, 5]7
[0, 2, 3, 2, 3, 5]7
[0, 1, 0, 2, 3, 5]7
[0, 2, 3, 2, 3, 5]7
[0, 2, 3, 2, 3, 5]7
[0, 2, 0, 2, 3, 5]7
[0, 2, 0, 2, 3, 5]7
[0, 2, 0, 2, 3, 5]7
[0, 2, 0, 2, 3, 5]7
[0, 2, 3, 2, 3, 5]7
[0, 2, 3, 2, 3, 5]7
[0, 2, 3, 2, 3, 5]7
[0, 2, 3, 2, 3, 5]7
[0, 2, 3, 2, 3, 5]7
[0, 2, 3, 2, 3, 5]7
[0, 2, 3, 2, 3, 5]7
[0, 2, 3, 2, 3, 5]7
[0, 2, 3, 2, 3, 5]7
[0, 2, 3, 2, 3, 5]7
[0, 2, 3, 2, 3, 5]7
[0, 2, 0, 2, 3, 5]7
[0, 1, 0, 2, 3, 5]7
[0, 2, 3, 2, 3, 5]7
[0, 2, 3, 2, 3, 5]7
[0, 2, 3, 2, 3, 5]7
[0, 1, 0, 2, 3, 5]7
[0, 2, 3, 2, 3, 5]7
[0, 1, 0, 2, 3, 5]7
[0, 2, 3, 2, 3, 5]7
[0, 2, 3, 2, 3, 5]7
[0, 2, 3, 2, 3, 5]7
[0, 1, 0, 2, 3, 5]7
[0, 2, 3, 2, 3, 5]7
[0, 2, 3, 2, 3, 5]7
[0, 2, 0, 2, 3, 5]7
[0, 2, 3, 2, 3, 5]7
[0, 2, 0, 2, 3, 5]7

Geração:28
[0, 2, 3, 2, 3, 5]7
[0, 2, 3, 2, 3, 5]7
[0, 2, 1, 2, 3, 5]9
[0, 2, 3, 2, 3, 5]7
[0, 2, 3, 2, 3, 5]7
[0, 2, 0, 2, 3, 5]7
[0, 2, 3, 2, 3, 5]7
[0, 2, 0, 2, 3, 5]7
[0, 2, 0, 2, 3, 5]7
[0, 2, 0, 2, 3, 5]7
[0, 2, 3, 2, 3, 5]7
[0, 2, 3, 2, 3, 5]7
[0, 2, 3, 2, 3, 5]7
[0, 2, 3, 2, 3, 5]7
[0, 2, 3, 2, 3, 5]7
[0, 2, 3, 2, 3, 5]7
[0, 2, 0, 2, 3, 5]7
[0, 2, 3, 2, 3, 5]7
[0, 2, 0, 2, 3, 5]7
[0, 0, 3, 2, 3, 5]inf
[0, 2, 0, 2, 3, 5]7
[0, 2, 0, 2, 3, 5]7
[0, 2, 0, 2, 3, 5]7
[0, 2, 0, 2, 3, 5]7
[0, 1, 0, 2, 3, 5]7
[0, 2, 3, 2, 3, 5]7
[0, 2, 3, 2, 3, 5]7
[0, 2, 0, 2, 3, 5]7
[0, 2, 3, 2, 3, 5]7
[0, 2, 3, 2, 3, 5]7
[0, 2, 3, 2, 3, 5]7
[0, 2, 3, 2, 3, 5]7
[0, 2, 0, 2, 3, 5]7
[0, 5, 3, 2, 3, 5]17
[0, 2, 0, 3, 3, 5]inf
[0, 2, 0, 2, 3, 5]7
[0, 2, 3, 2, 3, 5]7
[0, 2, 3, 2, 3, 5]7
[0, 2, 3, 2, 3, 5]7
[0, 2, 3, 2, 3, 5]7
[0, 2, 3, 2, 3, 5]7
[0, 2, 3, 2, 3, 5]7
[0, 2, 3, 2, 3, 5]7
[0, 2, 0, 2, 3, 5]7
[0, 2, 3, 2, 3, 5]7
[0, 2, 3, 2, 3, 5]7
[0, 2, 3, 2, 3, 5]7
[0, 2, 3, 2, 3, 5]7
[0, 2, 0, 2, 3, 5]7
[0, 5, 0, 2, 3, 5]23
[0, 2, 3, 2, 3, 5]7
[0, 2, 3, 4, 3, 5]13
[0, 2, 2, 2, 3, 5]inf
[0, 2, 3, 2, 3, 5]7
[0, 2, 3, 2, 3, 5]7
[0, 2, 3, 2, 3, 5]7
[0, 2, 0, 2, 3, 5]7
[0, 2, 0, 2, 3, 5]7
[0, 2, 3, 2, 3, 5]7
[0, 2, 3, 2, 3, 5]7
[0, 2, 0, 2, 3, 5]7
[0, 2, 0, 2, 3, 5]7
[0, 2, 0, 2, 3, 5]7
[0, 2, 3, 2, 3, 5]7
[0, 5, 0, 2, 3, 5]23
[0, 2, 0, 2, 3, 5]7
[0, 2, 0, 2, 3, 5]7
[0, 2, 0, 2, 3, 5]7
[0, 2, 3, 2, 3, 5]7
[0, 2, 3, 2, 3, 5]7
[0, 2, 0, 2, 3, 5]7
[0, 2, 3, 2, 3, 5]7
[0, 2, 3, 2, 3, 5]7
[0, 2, 3, 2, 3, 5]7
[0, 2, 3, 2, 3, 5]7
[0, 2, 0, 2, 3, 5]7
[0, 2, 3, 2, 3, 5]7
[0, 2, 3, 2, 3, 5]7
[0, 2, 3, 2, 3, 5]7
[0, 2, 0, 2, 3, 5]7
[0, 2, 3, 2, 0, 5]13
[0, 2, 0, 2, 3, 5]7
[0, 2, 3, 2, 3, 5]7
[0, 2, 3, 2, 3, 5]7
[0, 2, 3, 2, 3, 5]7
[0, 2, 3, 2, 3, 5]7
[0, 2, 3, 2, 3, 5]7
[0, 2, 3, 2, 3, 5]7
[0, 2, 3, 2, 3, 5]7
[0, 2, 0, 2, 3, 5]7
[0, 2, 3, 2, 3, 5]7
[0, 2, 3, 2, 3, 5]7
[0, 2, 0, 2, 3, 5]7
[0, 2, 3, 2, 3, 5]7
[0, 2, 3, 2, 3, 5]7
[0, 2, 3, 2, 3, 5]7
[0, 2, 0, 2, 3, 5]7
[0, 1, 0, 2, 3, 5]7
[0, 2, 3, 2, 3, 5]7
[0, 2, 0, 2, 3, 5]7

Geração:29
[0, 1, 0, 2, 3, 5]7
[0, 2, 3, 2, 3, 5]7
[0, 2, 3, 2, 3, 5]7
[0, 2, 3, 2, 3, 5]7
[0, 2, 0, 2, 3, 5]7
[0, 2, 0, 2, 3, 5]7
[0, 2, 3, 2, 3, 5]7
[0, 2, 0, 2, 3, 5]7
[0, 2, 3, 2, 3, 5]7
[0, 2, 0, 2, 3, 5]7
[0, 2, 3, 2, 3, 5]7
[0, 2, 3, 2, 3, 5]7
[0, 2, 3, 2, 3, 5]7
[0, 2, 3, 2, 3, 5]7
[0, 2, 3, 2, 3, 5]7
[0, 2, 3, 2, 3, 5]7
[0, 2, 0, 2, 3, 5]7
[0, 2, 3, 2, 3, 5]7
[0, 2, 0, 2, 3, 5]7
[0, 2, 3, 2, 3, 5]7
[0, 2, 0, 2, 3, 5]7
[0, 1, 0, 2, 3, 5]7
[0, 2, 0, 2, 3, 5]7
[0, 2, 3, 2, 3, 5]7
[0, 2, 0, 2, 3, 5]7
[0, 2, 3, 2, 3, 5]7
[0, 2, 3, 2, 3, 5]7
[0, 2, 0, 2, 3, 5]7
[0, 2, 3, 2, 3, 5]7
[0, 2, 0, 2, 3, 5]7
[0, 2, 0, 2, 3, 5]7
[0, 2, 0, 2, 3, 5]7
[0, 2, 3, 2, 3, 5]7
[0, 2, 3, 2, 3, 5]7
[0, 2, 3, 2, 3, 5]7
[0, 2, 0, 2, 3, 5]7
[0, 2, 0, 2, 3, 5]7
[0, 2, 3, 2, 3, 5]7
[0, 2, 3, 2, 3, 5]7
[0, 2, 3, 2, 3, 5]7
[0, 2, 0, 2, 3, 5]7
[0, 2, 3, 2, 3, 5]7
[0, 2, 0, 2, 3, 5]7
[0, 2, 3, 2, 3, 5]7
[0, 2, 3, 2, 3, 5]7
[0, 2, 0, 2, 3, 5]7
[0, 2, 3, 2, 3, 5]7
[0, 2, 0, 2, 3, 5]7
[0, 2, 3, 2, 3, 5]7
[0, 2, 3, 2, 3, 5]7
[0, 2, 3, 2, 3, 5]7
[0, 2, 0, 2, 3, 5]7
[0, 2, 0, 2, 3, 5]7
[0, 2, 0, 2, 3, 5]7
[0, 2, 3, 2, 3, 5]7
[0, 2, 0, 2, 3, 5]7
[0, 2, 3, 2, 3, 5]7
[0, 2, 0, 2, 3, 5]7
[0, 2, 3, 2, 3, 5]7
[0, 2, 3, 2, 3, 5]7
[0, 2, 0, 2, 3, 5]7
[0, 2, 1, 2, 3, 5]9
[0, 2, 3, 2, 3, 5]7
[0, 2, 0, 2, 3, 5]7
[0, 2, 0, 2, 3, 5]7
[0, 2, 0, 2, 3, 5]7
[0, 2, 3, 2, 3, 5]7
[0, 2, 0, 2, 3, 5]7
[0, 2, 0, 2, 3, 5]7
[0, 2, 3, 2, 3, 5]7
[0, 2, 0, 2, 3, 5]7
[0, 2, 0, 2, 3, 5]7
[0, 2, 0, 2, 3, 5]7
[0, 2, 3, 2, 3, 5]7
[0, 2, 0, 2, 3, 5]7
[0, 1, 0, 2, 3, 5]7
[0, 2, 3, 2, 3, 5]7
[0, 2, 0, 2, 3, 5]7
[0, 2, 3, 2, 3, 5]7
[0, 2, 0, 2, 3, 5]7
[0, 2, 0, 2, 3, 5]7
[0, 2, 3, 2, 2, 5]inf
[0, 2, 3, 2, 3, 5]7
[0, 2, 3, 2, 3, 5]7
[0, 2, 3, 2, 3, 5]7
[0, 2, 3, 2, 3, 5]7
[0, 2, 0, 2, 3, 5]7
[0, 2, 3, 2, 3, 5]7
[0, 2, 1, 2, 3, 5]9
[0, 2, 0, 2, 3, 5]7
[0, 2, 3, 2, 3, 5]7
[0, 2, 3, 2, 3, 5]7
[0, 2, 3, 2, 3, 5]7
[0, 2, 0, 2, 5, 5]inf
[0, 2, 5, 2, 3, 5]inf
[0, 2, 3, 2, 4, 5]inf
[0, 2, 3, 2, 3, 5]7
[0, 2, 3, 2, 3, 5]7
[0, 2, 0, 2, 3, 5]7
[0, 1, 0, 2, 3, 5]7
